Date	Open	High	Low	Close	Adj Close	Volume
11/10/10	2.715	2.783	2.648	2.648	2.648	0
11/11/10	2.648	2.648	2.648	2.648	2.648	0
11/12/10	2.672	2.776	2.666	2.756	2.756	0
11/15/10	2.891	2.911	2.813	2.911	2.911	0
11/16/10	2.919	2.963	2.845	2.847	2.847	0
11/17/10	2.86	2.878	2.802	2.864	2.864	0
11/18/10	2.923	2.96	2.899	2.902	2.902	0
11/19/10	2.881	2.91	2.868	2.875	2.875	0
11/22/10	2.84	2.848	2.798	2.813	2.813	0
11/23/10	2.747	2.787	2.728	2.762	2.762	0
11/24/10	2.808	2.93	2.808	2.914	2.914	0
11/26/10	2.864	2.896	2.841	2.864	2.864	0
11/29/10	2.837	2.855	2.811	2.822	2.822	0
11/30/10	2.773	2.806	2.751	2.797	2.797	0
12/1/10	2.903	2.983	2.89	2.964	2.964	0
12/2/10	3.024	3.024	2.942	3	3	0
12/3/10	3.033	3.062	2.903	3.017	3.017	0
12/6/10	2.965	2.981	2.937	2.941	2.941	0
12/7/10	3.026	3.177	3.019	3.165	3.165	0
12/8/10	3.221	3.33	3.173	3.236	3.236	0
12/9/10	3.246	3.278	3.179	3.223	3.223	0
12/10/10	3.235	3.298	3.233	3.296	3.296	0
12/13/10	3.366	3.371	3.25	3.283	3.283	0
12/14/10	3.315	3.467	3.3	3.455	3.455	0
12/15/10	3.407	3.563	3.397	3.52	3.52	0
12/16/10	3.514	3.566	3.459	3.477	3.477	0
12/17/10	3.386	3.423	3.328	3.33	3.33	0
12/20/10	3.288	3.371	3.249	3.349	3.349	0
12/21/10	3.319	3.381	3.301	3.326	3.326	0
12/22/10	3.33	3.365	3.303	3.346	3.346	0
12/23/10	3.379	3.407	3.354	3.393	3.393	0
12/27/10	3.424	3.428	3.349	3.351	3.351	0
12/28/10	3.341	3.487	3.326	3.481	3.481	0
12/29/10	3.484	3.493	3.337	3.341	3.341	0
12/30/10	3.384	3.421	3.355	3.369	3.369	0
12/31/10	3.324	3.363	3.282	3.305	3.305	0
1/3/11	3.377	3.42	3.313	3.342	3.342	0
1/4/11	3.338	3.362	3.302	3.346	3.346	0
1/5/11	3.381	3.497	3.379	3.483	3.483	0
1/6/11	3.442	3.46	3.393	3.419	3.419	0
1/7/11	3.435	3.464	3.297	3.328	3.328	0
1/10/11	3.314	3.328	3.277	3.304	3.304	0
1/11/11	3.31	3.371	3.293	3.341	3.341	0
1/12/11	3.4	3.418	3.348	3.355	3.355	0
1/13/11	3.367	3.389	3.297	3.301	3.301	0
1/14/11	3.327	3.335	3.255	3.333	3.333	0
1/18/11	3.288	3.413	3.281	3.364	3.364	0
1/19/11	3.349	3.388	3.327	3.337	3.337	0
1/20/11	3.359	3.474	3.359	3.459	3.459	0
1/21/11	3.432	3.471	3.41	3.416	3.416	0
1/24/11	3.414	3.432	3.381	3.408	3.408	0
1/25/11	3.371	3.42	3.309	3.319	3.319	0
1/26/11	3.379	3.442	3.362	3.428	3.428	0
1/27/11	3.462	3.462	3.379	3.385	3.385	0
1/28/11	3.421	3.453	3.31	3.329	3.329	0
1/31/11	3.357	3.404	3.329	3.378	3.378	0
2/1/11	3.428	3.469	3.418	3.443	3.443	0
2/2/11	3.406	3.507	3.398	3.489	3.489	0
2/3/11	3.511	3.551	3.491	3.541	3.541	0
2/4/11	3.565	3.666	3.53	3.652	3.652	0
2/7/11	3.67	3.692	3.64	3.644	3.644	0
2/8/11	3.642	3.735	3.64	3.725	3.725	0
2/9/11	3.711	3.744	3.626	3.642	3.642	0
2/10/11	3.668	3.721	3.655	3.708	3.708	0
2/11/11	3.657	3.67	3.608	3.646	3.646	0
2/14/11	3.646	3.664	3.601	3.614	3.614	0
2/15/11	3.653	3.661	3.601	3.616	3.616	0
2/16/11	3.593	3.651	3.576	3.621	3.621	0
2/17/11	3.599	3.614	3.55	3.574	3.574	0
2/18/11	3.61	3.632	3.58	3.589	3.589	0
2/22/11	3.528	3.544	3.457	3.461	3.461	0
2/23/11	3.483	3.492	3.431	3.487	3.487	0
2/24/11	3.433	3.463	3.415	3.438	3.438	0
2/25/11	3.466	3.468	3.418	3.425	3.425	0
2/28/11	3.425	3.427	3.403	3.414	3.414	0
3/1/11	3.464	3.49	3.407	3.414	3.414	0
3/2/11	3.434	3.466	3.407	3.464	3.464	0
3/3/11	3.483	3.574	3.483	3.572	3.572	0
3/4/11	3.58	3.595	3.479	3.492	3.492	0
3/7/11	3.527	3.552	3.469	3.497	3.497	0
3/8/11	3.505	3.555	3.492	3.544	3.544	0
3/9/11	3.535	3.54	3.449	3.469	3.469	0
3/10/11	3.479	3.479	3.382	3.393	3.393	0
3/11/11	3.38	3.414	3.349	3.393	3.393	0
3/14/11	3.388	3.388	3.331	3.347	3.347	0
3/15/11	3.235	3.325	3.23	3.323	3.323	0
3/16/11	3.301	3.307	3.141	3.212	3.212	0
3/17/11	3.246	3.29	3.228	3.248	3.248	0
3/18/11	3.251	3.325	3.244	3.277	3.277	0
3/21/11	3.306	3.367	3.297	3.323	3.323	0
3/22/11	3.348	3.361	3.33	3.332	3.332	0
3/23/11	3.295	3.352	3.28	3.348	3.348	0
3/24/11	3.381	3.404	3.359	3.404	3.404	0
3/25/11	3.389	3.461	3.383	3.444	3.444	0
3/28/11	3.467	3.48	3.431	3.448	3.448	0
3/29/11	3.454	3.502	3.429	3.491	3.491	0
3/30/11	3.487	3.489	3.45	3.455	3.455	0
3/31/11	3.429	3.482	3.403	3.454	3.454	0
4/1/11	3.498	3.526	3.448	3.451	3.451	0
4/4/11	3.44	3.442	3.403	3.431	3.431	0
4/5/11	3.414	3.5	3.399	3.487	3.487	0
4/6/11	3.496	3.549	3.496	3.545	3.545	0
4/7/11	3.572	3.577	3.523	3.555	3.555	0
4/8/11	3.598	3.619	3.568	3.57	3.57	0
4/11/11	3.596	3.602	3.558	3.57	3.57	0
4/12/11	3.532	3.539	3.475	3.5	3.5	0
4/13/11	3.522	3.545	3.46	3.466	3.466	0
4/14/11	3.444	3.5	3.421	3.485	3.485	0
4/15/11	3.468	3.468	3.399	3.41	3.41	0
4/18/11	3.374	3.455	3.363	3.371	3.371	0
4/19/11	3.395	3.398	3.348	3.356	3.356	0
4/20/11	3.402	3.402	3.374	3.4	3.4	0
4/21/11	3.393	3.402	3.37	3.4	3.4	0
4/25/11	3.385	3.396	3.361	3.363	3.363	0
4/26/11	3.363	3.365	3.314	3.32	3.32	0
4/27/11	3.351	3.391	3.338	3.368	3.368	0
4/28/11	3.329	3.346	3.298	3.312	3.312	0
4/29/11	3.299	3.333	3.286	3.296	3.296	0
5/2/11	3.312	3.312	3.264	3.286	3.286	0
5/3/11	3.264	3.284	3.249	3.255	3.255	0
5/4/11	3.262	3.269	3.209	3.223	3.223	0
5/5/11	3.192	3.199	3.164	3.168	3.168	0
5/6/11	3.175	3.239	3.128	3.157	3.157	0
5/9/11	3.175	3.181	3.135	3.142	3.142	0
5/10/11	3.162	3.199	3.16	3.195	3.195	0
5/11/11	3.221	3.224	3.153	3.157	3.157	0
5/12/11	3.178	3.248	3.169	3.23	3.23	0
5/13/11	3.226	3.23	3.132	3.187	3.187	0
5/16/11	3.169	3.199	3.147	3.149	3.149	0
5/17/11	3.147	3.149	3.098	3.121	3.121	0
5/18/11	3.098	3.178	3.098	3.171	3.171	0
5/19/11	3.195	3.241	3.169	3.171	3.171	0
5/20/11	3.16	3.189	3.147	3.152	3.152	0
5/23/11	3.097	3.141	3.094	3.134	3.134	0
5/24/11	3.154	3.162	3.114	3.123	3.123	0
5/25/11	3.116	3.14	3.099	3.129	3.129	0
5/26/11	3.147	3.147	3.061	3.061	3.061	0
5/27/11	3.086	3.101	3.055	3.064	3.064	0
5/31/11	3.086	3.099	3.041	3.05	3.05	0
6/1/11	3.015	3.024	2.952	2.966	2.966	0
6/2/11	2.966	3.033	2.966	3.03	3.03	0
6/3/11	3.024	3.024	2.948	2.997	2.997	0
6/6/11	3.002	3.041	3	3.002	3.002	0
6/7/11	3.033	3.055	3.009	3.011	3.011	0
6/8/11	2.971	2.98	2.933	2.962	2.962	0
6/9/11	2.93	3.02	2.919	2.998	2.998	0
6/10/11	2.973	2.98	2.937	2.971	2.971	0
6/13/11	2.993	3.013	2.949	2.991	2.991	0
6/14/11	3.015	3.103	3.007	3.099	3.099	0
6/15/11	3.079	3.095	2.964	2.973	2.973	0
6/16/11	2.897	2.965	2.893	2.909	2.909	0
6/17/11	2.974	2.978	2.927	2.944	2.944	0
6/20/11	2.9	2.978	2.898	2.963	2.963	0
6/21/11	2.98	3	2.954	2.985	2.985	0
6/22/11	2.956	2.994	2.94	2.993	2.993	0
6/23/11	2.942	2.942	2.887	2.909	2.909	0
6/24/11	2.907	2.936	2.847	2.871	2.871	0
6/27/11	2.88	2.932	2.855	2.927	2.927	0
6/28/11	2.934	3.055	2.93	3.045	3.045	0
6/29/11	3.073	3.132	3.055	3.108	3.108	0
6/30/11	3.095	3.216	3.088	3.158	3.158	0
7/1/11	3.147	3.223	3.14	3.197	3.197	0
7/5/11	3.151	3.158	3.119	3.136	3.136	0
7/6/11	3.084	3.119	3.073	3.095	3.095	0
7/7/11	3.162	3.175	3.141	3.149	3.149	0
7/8/11	3.169	3.181	3.008	3.016	3.016	0
7/11/11	2.948	2.975	2.913	2.917	2.917	0
7/12/11	2.897	2.937	2.875	2.908	2.908	0
7/13/11	2.937	2.952	2.89	2.891	2.891	0
7/14/11	2.91	2.946	2.89	2.944	2.944	0
7/15/11	2.953	2.984	2.899	2.908	2.908	0
7/18/11	2.877	2.931	2.875	2.909	2.909	0
7/19/11	2.948	2.959	2.878	2.891	2.891	0
7/20/11	2.915	2.942	2.897	2.933	2.933	0
7/21/11	2.962	3.036	2.953	3.01	3.01	0
7/22/11	2.99	2.991	2.962	2.964	2.964	0
7/25/11	3.004	3.032	2.942	3.004	3.004	0
7/26/11	3.025	3.026	2.94	2.951	2.951	0
7/27/11	2.958	3.01	2.945	2.98	2.98	0
7/28/11	2.962	2.966	2.933	2.951	2.951	0
7/29/11	2.92	2.92	2.805	2.805	2.805	0
8/1/11	2.792	2.821	2.719	2.74	2.74	0
8/2/11	2.686	2.724	2.604	2.624	2.624	0
8/3/11	2.609	2.633	2.546	2.599	2.599	0
8/4/11	2.576	2.602	2.456	2.458	2.458	0
8/5/11	2.457	2.581	2.428	2.558	2.558	0
8/8/11	2.497	2.503	2.328	2.339	2.339	0
8/9/11	2.394	2.406	2.173	2.182	2.182	0
8/10/11	2.213	2.216	2.092	2.137	2.137	0
8/11/11	2.135	2.36	2.13	2.336	2.336	0
8/12/11	2.283	2.313	2.223	2.237	2.237	0
8/15/11	2.269	2.29	2.235	2.285	2.285	0
8/16/11	2.267	2.301	2.2	2.214	2.214	0
8/17/11	2.244	2.26	2.16	2.165	2.165	0
8/18/11	2.099	2.111	1.978	2.083	2.083	0
8/19/11	2.109	2.123	2.069	2.071	2.071	0
8/22/11	2.115	2.134	2.083	2.088	2.088	0
8/23/11	2.16	2.162	2.064	2.137	2.137	0
8/24/11	2.146	2.266	2.139	2.26	2.26	0
8/25/11	2.294	2.294	2.211	2.222	2.222	0
8/26/11	2.193	2.22	2.121	2.188	2.188	0
8/29/11	2.225	2.296	2.225	2.271	2.271	0
8/30/11	2.2	2.206	2.158	2.176	2.176	0
8/31/11	2.165	2.223	2.139	2.218	2.218	0
9/1/11	2.202	2.278	2.144	2.146	2.146	0
9/2/11	2.123	2.164	1.996	1.996	1.996	0
9/6/11	1.948	1.989	1.929	1.979	1.979	0
9/7/11	2.019	2.06	2.005	2.036	2.036	0
9/8/11	1.991	2.039	1.977	1.986	1.986	0
9/9/11	2.013	2.018	1.896	1.915	1.915	0
9/12/11	1.896	1.949	1.896	1.93	1.93	0
9/13/11	1.946	2.006	1.941	1.994	1.994	0
9/14/11	2.025	2.032	1.963	2.011	2.011	0
9/15/11	2.034	2.118	2.031	2.085	2.085	0
9/16/11	2.086	2.118	2.06	2.076	2.076	0
9/19/11	1.992	1.992	1.928	1.94	1.94	0
9/20/11	1.97	1.992	1.935	1.947	1.947	0
9/21/11	1.933	1.957	1.856	1.875	1.875	0
9/22/11	1.759	1.793	1.699	1.715	1.715	0
9/23/11	1.697	1.816	1.696	1.808	1.808	0
9/26/11	1.849	1.909	1.833	1.904	1.904	0
9/27/11	1.975	2.016	1.955	2.016	2.016	0
9/28/11	1.976	2.065	1.973	2.002	2.002	0
9/29/11	1.971	2.028	1.952	1.957	1.957	0
9/30/11	1.95	1.955	1.893	1.924	1.924	0
10/3/11	1.883	1.891	1.776	1.785	1.785	0
10/4/11	1.735	1.84	1.717	1.781	1.781	0
10/5/11	1.864	1.912	1.843	1.905	1.905	0
10/6/11	1.92	1.986	1.915	1.986	1.986	0
10/7/11	2.014	2.118	2.007	2.068	2.068	0
10/10/11	2.076	2.076	2.076	2.076	2.076	0
10/11/11	2.148	2.18	2.134	2.16	2.16	0
10/12/11	2.226	2.269	2.19	2.226	2.226	0
10/13/11	2.198	2.203	2.123	2.169	2.169	0
10/14/11	2.235	2.264	2.212	2.232	2.232	0
10/17/11	2.233	2.244	2.151	2.155	2.155	0
10/18/11	2.104	2.166	2.104	2.151	2.151	0
10/19/11	2.191	2.225	2.134	2.159	2.159	0
10/20/11	2.173	2.207	2.114	2.18	2.18	0
10/21/11	2.207	2.239	2.18	2.203	2.203	0
10/24/11	2.182	2.239	2.175	2.234	2.234	0
10/25/11	2.25	2.257	2.114	2.128	2.128	0
10/26/11	2.141	2.214	2.112	2.203	2.203	0
10/27/11	2.297	2.407	2.271	2.395	2.395	0
10/28/11	2.369	2.373	2.293	2.306	2.306	0
10/31/11	2.236	2.237	2.175	2.175	2.175	0
11/1/11	2.029	2.047	1.956	2.001	2.001	0
11/2/11	2.05	2.063	1.991	2.006	2.006	0
11/3/11	2.045	2.08	2.017	2.066	2.066	0
11/4/11	2.084	2.137	2.024	2.05	2.05	0
11/7/11	2.034	2.056	1.961	1.994	1.994	0
11/8/11	2.047	2.068	1.999	2.065	2.065	0
11/9/11	1.987	2.012	1.929	1.955	1.955	0
11/10/11	2.029	2.108	2.012	2.056	2.056	0
11/11/11	2.056	2.056	2.056	2.056	2.056	0
11/14/11	2.097	2.097	2.026	2.043	2.043	0
11/15/11	2.01	2.073	1.995	2.057	2.057	0
11/16/11	2.038	2.052	2.007	2.024	2.024	0
11/17/11	1.986	2.04	1.938	1.958	1.958	0
11/18/11	2.005	2.036	1.984	2.012	2.012	0
11/21/11	1.957	1.974	1.943	1.962	1.962	0
11/22/11	1.958	1.988	1.936	1.939	1.939	0
11/23/11	1.924	1.964	1.879	1.879	1.879	0
11/25/11	1.92	1.969	1.913	1.967	1.967	0
11/28/11	2.064	2.08	1.951	1.958	1.958	0
11/29/11	1.995	2.047	1.965	1.996	1.996	0
11/30/11	2.059	2.107	2.045	2.068	2.068	0
12/1/11	2.128	2.14	2.072	2.117	2.117	0
12/2/11	2.131	2.156	2.038	2.042	2.042	0
12/5/11	2.082	2.11	2.042	2.054	2.054	0
12/6/11	2.068	2.096	2.054	2.093	2.093	0
12/7/11	2.073	2.087	2.014	2.017	2.017	0
12/8/11	2.059	2.096	1.972	1.972	1.972	0
12/9/11	1.996	2.059	1.972	2.052	2.052	0
12/12/11	2.028	2.03	1.989	2.009	2.009	0
12/13/11	2.044	2.059	1.949	1.962	1.962	0
12/14/11	1.963	1.97	1.898	1.901	1.901	0
12/15/11	1.903	1.942	1.896	1.913	1.913	0
12/16/11	1.925	1.925	1.835	1.854	1.854	0
12/19/11	1.858	1.878	1.801	1.813	1.813	0
12/20/11	1.847	1.929	1.847	1.925	1.925	0
12/21/11	1.908	1.979	1.897	1.967	1.967	0
12/22/11	1.956	1.965	1.92	1.951	1.951	0
12/23/11	1.972	2.037	1.958	2.03	2.03	0
12/27/11	2.03	2.031	2.002	2.009	2.009	0
12/28/11	2.007	2.009	1.908	1.908	1.908	0
12/29/11	1.914	1.941	1.885	1.897	1.897	0
12/30/11	1.904	1.904	1.857	1.871	1.871	0
1/3/12	1.951	1.965	1.914	1.96	1.96	0
1/4/12	1.937	2.012	1.933	1.995	1.995	0
1/5/12	1.991	2.021	1.944	1.993	1.993	0
1/6/12	2.003	2.044	1.946	1.961	1.961	0
1/9/12	1.975	1.986	1.919	1.96	1.96	0
1/10/12	1.989	2.009	1.953	1.972	1.972	0
1/11/12	1.951	1.951	1.898	1.904	1.904	0
1/12/12	1.919	1.942	1.892	1.933	1.933	0
1/13/12	1.905	1.905	1.836	1.853	1.853	0
1/17/12	1.9	1.905	1.846	1.85	1.85	0
1/18/12	1.857	1.904	1.836	1.897	1.897	0
1/19/12	1.926	1.998	1.917	1.972	1.972	0
1/20/12	1.993	2.033	1.984	2.028	2.028	0
1/23/12	2.06	2.094	2.046	2.067	2.067	0
1/24/12	2.049	2.085	2.037	2.064	2.064	0
1/25/12	2.049	2.069	1.917	2.007	2.007	0
1/26/12	1.958	1.979	1.923	1.931	1.931	0
1/27/12	1.963	1.97	1.888	1.898	1.898	0
1/30/12	1.842	1.849	1.814	1.837	1.837	0
1/31/12	1.851	1.856	1.797	1.799	1.799	0
2/1/12	1.807	1.853	1.8	1.846	1.846	0
2/2/12	1.819	1.849	1.813	1.825	1.825	0
2/3/12	1.816	1.956	1.812	1.949	1.949	0
2/6/12	1.924	1.945	1.886	1.901	1.901	0
2/7/12	1.914	1.991	1.914	1.966	1.966	0
2/8/12	1.998	2	1.961	1.975	1.975	0
2/9/12	2.031	2.08	2.028	2.047	2.047	0
2/10/12	1.981	1.995	1.955	1.969	1.969	0
2/13/12	2	2.016	1.959	1.99	1.99	0
2/14/12	1.969	1.971	1.917	1.924	1.924	0
2/15/12	1.934	1.945	1.9	1.931	1.931	0
2/16/12	1.919	2.016	1.917	1.993	1.993	0
2/17/12	2.03	2.038	2.007	2.01	2.01	0
2/21/12	2.023	2.08	2.021	2.045	2.045	0
2/22/12	2.054	2.054	1.998	2.005	2.005	0
2/23/12	2.038	2.045	1.974	1.984	1.984	0
2/24/12	1.986	1.991	1.969	1.977	1.977	0
2/27/12	1.939	1.941	1.912	1.922	1.922	0
2/28/12	1.926	1.934	1.896	1.929	1.929	0
2/29/12	1.919	2.009	1.917	1.977	1.977	0
3/1/12	2.033	2.064	2.019	2.037	2.037	0
3/2/12	2.007	2.014	1.97	1.986	1.986	0
3/5/12	1.993	2.007	1.97	2.005	2.005	0
3/6/12	1.977	1.977	1.931	1.944	1.944	0
3/7/12	1.95	1.984	1.95	1.972	1.972	0
3/8/12	2	2.024	1.979	2.014	2.014	0
3/9/12	2.019	2.059	2.019	2.038	2.038	0
3/12/12	2.003	2.033	1.989	2.031	2.031	0
3/13/12	2.052	2.119	2.052	2.107	2.107	0
3/14/12	2.187	2.29	2.169	2.274	2.274	0
3/15/12	2.332	2.337	2.253	2.281	2.281	0
3/16/12	2.332	2.363	2.292	2.298	2.298	0
3/19/12	2.271	2.39	2.267	2.379	2.379	0
3/20/12	2.334	2.397	2.332	2.372	2.372	0
3/21/12	2.345	2.347	2.283	2.294	2.294	0
3/22/12	2.258	2.294	2.249	2.275	2.275	0
3/23/12	2.253	2.26	2.21	2.237	2.237	0
3/26/12	2.269	2.287	2.241	2.244	2.244	0
3/27/12	2.232	2.237	2.182	2.187	2.187	0
3/28/12	2.212	2.225	2.159	2.196	2.196	0
3/29/12	2.193	2.198	2.148	2.159	2.159	0
3/30/12	2.152	2.237	2.141	2.216	2.216	0
4/2/12	2.2	2.207	2.162	2.193	2.193	0
4/3/12	2.161	2.284	2.15	2.284	2.284	0
4/4/12	2.259	2.263	2.227	2.243	2.243	0
4/5/12	2.175	2.209	2.14	2.175	2.175	0
4/9/12	2.032	2.044	2.019	2.037	2.037	0
4/10/12	2.047	2.047	1.965	1.988	1.988	0
4/11/12	2.026	2.047	2.017	2.028	2.028	0
4/12/12	2.037	2.063	2.012	2.049	2.049	0
4/13/12	2.014	2.026	1.981	1.998	1.998	0
4/16/12	1.97	1.998	1.946	1.974	1.974	0
4/17/12	2.002	2.016	1.991	2.009	2.009	0
4/18/12	1.988	1.991	1.972	1.982	1.982	0
4/19/12	1.977	1.979	1.949	1.952	1.952	0
4/20/12	1.995	1.996	1.963	1.97	1.97	0
4/23/12	1.923	1.937	1.91	1.933	1.933	0
4/24/12	1.954	1.963	1.937	1.961	1.961	0
4/25/12	1.988	2.037	1.966	1.984	1.984	0
4/26/12	1.954	1.968	1.93	1.959	1.959	0
4/27/12	1.951	1.958	1.926	1.933	1.933	0
4/30/12	1.919	1.924	1.907	1.915	1.915	0
5/1/12	1.919	1.961	1.9	1.956	1.956	0
5/2/12	1.91	1.938	1.9	1.922	1.922	0
5/3/12	1.924	1.956	1.915	1.924	1.924	0
5/4/12	1.936	1.954	1.873	1.88	1.88	0
5/7/12	1.873	1.882	1.859	1.877	1.877	0
5/8/12	1.854	1.861	1.816	1.837	1.837	0
5/9/12	1.8	1.845	1.793	1.835	1.835	0
5/10/12	1.895	1.921	1.883	1.884	1.884	0
5/11/12	1.851	1.862	1.838	1.841	1.841	0
5/14/12	1.781	1.798	1.767	1.788	1.788	0
5/15/12	1.793	1.81	1.767	1.777	1.777	0
5/16/12	1.81	1.819	1.752	1.765	1.765	0
5/17/12	1.771	1.776	1.702	1.702	1.702	0
5/18/12	1.718	1.743	1.7	1.702	1.702	0
5/21/12	1.735	1.747	1.723	1.735	1.735	0
5/22/12	1.793	1.805	1.781	1.793	1.793	0
5/23/12	1.743	1.745	1.707	1.721	1.721	0
5/24/12	1.753	1.777	1.75	1.759	1.759	0
5/25/12	1.762	1.764	1.74	1.745	1.745	0
5/29/12	1.726	1.74	1.707	1.731	1.731	0
5/30/12	1.688	1.688	1.619	1.625	1.625	0
5/31/12	1.617	1.617	1.533	1.581	1.581	0
6/1/12	1.521	1.526	1.44	1.467	1.467	0
6/4/12	1.5	1.532	1.487	1.527	1.527	0
6/5/12	1.547	1.574	1.532	1.556	1.556	0
6/6/12	1.59	1.671	1.554	1.651	1.651	0
6/7/12	1.675	1.685	1.632	1.654	1.654	0
6/8/12	1.566	1.64	1.562	1.637	1.637	0
6/11/12	1.634	1.657	1.583	1.6	1.6	0
6/12/12	1.61	1.668	1.61	1.661	1.661	0
6/13/12	1.68	1.686	1.596	1.599	1.599	0
6/14/12	1.611	1.645	1.591	1.611	1.611	0
6/15/12	1.599	1.606	1.564	1.587	1.587	0
6/18/12	1.567	1.599	1.56	1.584	1.584	0
6/19/12	1.582	1.64	1.577	1.62	1.62	0
6/20/12	1.645	1.683	1.601	1.642	1.642	0
6/21/12	1.635	1.649	1.596	1.618	1.618	0
6/22/12	1.643	1.676	1.64	1.672	1.672	0
6/25/12	1.625	1.628	1.604	1.608	1.608	0
6/26/12	1.613	1.652	1.611	1.628	1.628	0
6/27/12	1.633	1.65	1.614	1.621	1.621	0
6/28/12	1.595	1.599	1.568	1.577	1.577	0
6/29/12	1.643	1.676	1.635	1.659	1.659	0
7/2/12	1.643	1.643	1.556	1.58	1.58	0
7/3/12	1.588	1.636	1.587	1.631	1.631	0
7/5/12	1.624	1.624	1.583	1.597	1.597	0
7/6/12	1.588	1.59	1.537	1.544	1.544	0
7/9/12	1.524	1.539	1.507	1.513	1.513	0
7/10/12	1.525	1.527	1.498	1.498	1.498	0
7/11/12	1.508	1.515	1.452	1.498	1.498	0
7/12/12	1.491	1.501	1.478	1.479	1.479	0
7/13/12	1.483	1.516	1.483	1.499	1.499	0
7/16/12	1.477	1.477	1.442	1.464	1.464	0
7/17/12	1.489	1.508	1.469	1.501	1.501	0
7/18/12	1.481	1.491	1.472	1.479	1.479	0
7/19/12	1.513	1.523	1.487	1.515	1.515	0
7/20/12	1.474	1.477	1.447	1.46	1.46	0
7/23/12	1.404	1.443	1.404	1.435	1.435	0
7/24/12	1.44	1.465	1.394	1.404	1.404	0
7/25/12	1.428	1.433	1.397	1.406	1.406	0
7/26/12	1.426	1.445	1.416	1.428	1.428	0
7/27/12	1.471	1.589	1.47	1.555	1.555	0
7/30/12	1.541	1.545	1.504	1.504	1.504	0
7/31/12	1.478	1.521	1.466	1.492	1.492	0
8/1/12	1.492	1.539	1.476	1.539	1.539	0
8/2/12	1.546	1.575	1.449	1.478	1.478	0
8/3/12	1.512	1.592	1.512	1.577	1.577	0
8/6/12	1.558	1.558	1.53	1.558	1.558	0
8/7/12	1.596	1.642	1.596	1.628	1.628	0
8/8/12	1.621	1.656	1.608	1.64	1.64	0
8/9/12	1.693	1.729	1.676	1.688	1.688	0
8/10/12	1.645	1.659	1.63	1.649	1.649	0
8/13/12	1.661	1.669	1.63	1.654	1.654	0
8/14/12	1.685	1.731	1.681	1.726	1.726	0
8/15/12	1.777	1.812	1.75	1.805	1.805	0
8/16/12	1.812	1.861	1.786	1.836	1.836	0
8/17/12	1.823	1.826	1.797	1.816	1.816	0
8/20/12	1.835	1.837	1.795	1.814	1.814	0
8/21/12	1.837	1.863	1.804	1.805	1.805	0
8/22/12	1.769	1.769	1.71	1.719	1.719	0
8/23/12	1.702	1.709	1.659	1.666	1.666	0
8/24/12	1.649	1.683	1.632	1.678	1.678	0
8/27/12	1.678	1.678	1.644	1.649	1.649	0
8/28/12	1.635	1.644	1.615	1.63	1.63	0
8/29/12	1.64	1.675	1.637	1.654	1.654	0
8/30/12	1.642	1.642	1.61	1.62	1.62	0
8/31/12	1.644	1.649	1.562	1.562	1.562	0
9/4/12	1.565	1.589	1.548	1.581	1.581	0
9/5/12	1.572	1.598	1.569	1.594	1.594	0
9/6/12	1.644	1.682	1.634	1.673	1.673	0
9/7/12	1.726	1.733	1.589	1.661	1.661	0
9/10/12	1.68	1.69	1.659	1.683	1.683	0
9/11/12	1.676	1.704	1.67	1.695	1.695	0
9/12/12	1.733	1.773	1.732	1.765	1.765	0
9/13/12	1.735	1.836	1.714	1.756	1.756	0
9/14/12	1.826	1.892	1.796	1.87	1.87	0
9/17/12	1.847	1.864	1.821	1.838	1.838	0
9/18/12	1.8	1.812	1.78	1.812	1.812	0
9/19/12	1.791	1.801	1.765	1.782	1.782	0
9/20/12	1.744	1.786	1.723	1.777	1.777	0
9/21/12	1.782	1.793	1.751	1.76	1.76	0
9/24/12	1.725	1.732	1.706	1.718	1.718	0
9/25/12	1.699	1.734	1.682	1.682	1.682	0
9/26/12	1.639	1.647	1.615	1.618	1.618	0
9/27/12	1.64	1.658	1.621	1.64	1.64	0
9/28/12	1.618	1.651	1.599	1.637	1.637	0
10/1/12	1.62	1.649	1.613	1.625	1.625	0
10/2/12	1.647	1.649	1.611	1.615	1.615	0
10/3/12	1.621	1.64	1.613	1.623	1.623	0
10/4/12	1.64	1.665	1.628	1.665	1.665	0
10/5/12	1.68	1.741	1.678	1.732	1.732	0
10/8/12	1.746	1.746	1.746	1.746	1.746	0
10/9/12	1.72	1.729	1.692	1.72	1.72	0
10/10/12	1.746	1.75	1.679	1.691	1.691	0
10/11/12	1.698	1.732	1.672	1.675	1.675	0
10/12/12	1.679	1.679	1.634	1.663	1.663	0
10/15/12	1.677	1.689	1.651	1.663	1.663	0
10/16/12	1.696	1.726	1.696	1.72	1.72	0
10/17/12	1.755	1.811	1.755	1.811	1.811	0
10/18/12	1.81	1.826	1.783	1.826	1.826	0
10/19/12	1.799	1.819	1.761	1.768	1.768	0
10/22/12	1.803	1.815	1.784	1.798	1.798	0
10/23/12	1.775	1.775	1.75	1.764	1.764	0
10/24/12	1.778	1.792	1.763	1.775	1.775	0
10/25/12	1.838	1.852	1.798	1.828	1.828	0
10/26/12	1.782	1.796	1.749	1.75	1.75	0
10/31/12	1.733	1.735	1.686	1.686	1.686	0
11/1/12	1.715	1.738	1.705	1.715	1.715	0
11/2/12	1.719	1.779	1.717	1.726	1.726	0
11/5/12	1.691	1.695	1.674	1.684	1.684	0
11/6/12	1.703	1.749	1.691	1.742	1.742	0
11/7/12	1.641	1.651	1.618	1.632	1.632	0
11/8/12	1.676	1.697	1.617	1.632	1.632	0
11/9/12	1.593	1.642	1.589	1.613	1.613	0
11/12/12	1.611	1.611	1.611	1.611	1.611	0
11/13/12	1.601	1.608	1.579	1.589	1.589	0
11/14/12	1.615	1.63	1.586	1.589	1.589	0
11/15/12	1.61	1.613	1.572	1.589	1.589	0
11/16/12	1.588	1.599	1.556	1.574	1.574	0
11/19/12	1.611	1.627	1.606	1.611	1.611	0
11/20/12	1.623	1.661	1.618	1.656	1.656	0
11/21/12	1.676	1.695	1.671	1.687	1.687	0
11/23/12	1.676	1.695	1.675	1.693	1.693	0
11/26/12	1.663	1.666	1.64	1.664	1.664	0
11/27/12	1.659	1.675	1.639	1.645	1.645	0
11/28/12	1.615	1.628	1.601	1.617	1.617	0
11/29/12	1.642	1.644	1.611	1.62	1.62	0
11/30/12	1.605	1.623	1.596	1.606	1.606	0
12/3/12	1.644	1.656	1.625	1.628	1.628	0
12/4/12	1.63	1.63	1.599	1.608	1.608	0
12/5/12	1.598	1.603	1.575	1.591	1.591	0
12/6/12	1.581	1.582	1.564	1.581	1.581	0
12/7/12	1.577	1.633	1.572	1.627	1.627	0
12/10/12	1.61	1.627	1.599	1.616	1.616	0
12/11/12	1.64	1.659	1.64	1.649	1.649	0
12/12/12	1.656	1.704	1.635	1.697	1.697	0
12/13/12	1.702	1.744	1.702	1.728	1.728	0
12/14/12	1.728	1.728	1.695	1.708	1.708	0
12/17/12	1.706	1.763	1.706	1.763	1.763	0
12/18/12	1.784	1.847	1.772	1.827	1.827	0
12/19/12	1.819	1.824	1.775	1.8	1.8	0
12/20/12	1.791	1.807	1.77	1.8	1.8	0
12/21/12	1.76	1.76	1.737	1.754	1.754	0
12/24/12	1.767	1.779	1.767	1.774	1.774	0
12/26/12	1.779	1.779	1.746	1.758	1.758	0
12/27/12	1.765	1.772	1.702	1.715	1.715	0
12/28/12	1.706	1.723	1.699	1.711	1.711	0
12/31/12	1.696	1.765	1.694	1.756	1.756	0
1/2/13	1.842	1.86	1.825	1.839	1.839	0
1/3/13	1.844	1.911	1.835	1.899	1.899	0
1/4/13	1.952	1.965	1.911	1.915	1.915	0
1/7/13	1.904	1.917	1.892	1.903	1.903	0
1/8/13	1.894	1.894	1.864	1.871	1.871	0
1/9/13	1.871	1.876	1.846	1.852	1.852	0
1/10/13	1.889	1.908	1.875	1.894	1.894	0
1/11/13	1.891	1.93	1.868	1.875	1.875	0
1/14/13	1.836	1.864	1.834	1.857	1.857	0
1/15/13	1.822	1.833	1.811	1.831	1.831	0
1/16/13	1.836	1.836	1.803	1.824	1.824	0
1/17/13	1.838	1.891	1.838	1.875	1.875	0
1/18/13	1.866	1.866	1.835	1.843	1.843	0
1/22/13	1.865	1.874	1.829	1.835	1.835	0
1/23/13	1.842	1.842	1.813	1.833	1.833	0
1/24/13	1.812	1.87	1.812	1.844	1.844	0
1/25/13	1.917	1.95	1.904	1.947	1.947	0
1/28/13	1.958	2.006	1.958	1.974	1.974	0
1/29/13	1.961	1.999	1.949	1.988	1.988	0
1/30/13	2.01	2.037	1.974	2.006	2.006	0
1/31/13	1.974	2.006	1.971	1.985	1.985	0
2/1/13	2.01	2.036	1.926	2.01	2.01	0
2/4/13	2.003	2.007	1.951	1.973	1.973	0
2/5/13	2.007	2.02	2	2.016	2.016	0
2/6/13	1.978	1.996	1.962	1.968	1.968	0
2/7/13	1.98	1.98	1.937	1.951	1.951	0
2/8/13	1.939	1.991	1.936	1.954	1.954	0
2/11/13	1.966	1.966	1.945	1.946	1.946	0
2/12/13	1.972	1.986	1.963	1.982	1.982	0
2/13/13	2.011	2.033	1.999	2.019	2.019	0
2/14/13	2.035	2.054	1.995	2	2	0
2/15/13	2	2.037	2	2.007	2.007	0
2/19/13	2.007	2.028	1.988	2.026	2.026	0
2/20/13	2.035	2.052	2.009	2.021	2.021	0
2/21/13	1.993	1.993	1.957	1.976	1.976	0
2/22/13	1.981	1.988	1.958	1.967	1.967	0
2/25/13	1.979	2.002	1.874	1.895	1.895	0
2/26/13	1.864	1.895	1.843	1.879	1.879	0
2/27/13	1.86	1.903	1.843	1.903	1.903	0
2/28/13	1.876	1.907	1.872	1.888	1.888	0
3/1/13	1.85	1.869	1.841	1.853	1.853	0
3/4/13	1.839	1.879	1.839	1.877	1.877	0
3/5/13	1.899	1.91	1.886	1.894	1.894	0
3/6/13	1.932	1.944	1.919	1.938	1.938	0
3/7/13	1.939	1.995	1.939	1.991	1.991	0
3/8/13	2.012	2.086	2.003	2.056	2.056	0
3/11/13	2.044	2.063	2.042	2.056	2.056	0
3/12/13	2.038	2.04	2.012	2.023	2.023	0
3/13/13	2.007	2.052	2.005	2.021	2.021	0
3/14/13	2.054	2.068	2.019	2.033	2.033	0
3/15/13	2.035	2.042	1.991	1.996	1.996	0
3/18/13	1.993	1.993	1.941	1.956	1.956	0
3/19/13	1.944	1.948	1.892	1.908	1.908	0
3/20/13	1.941	1.953	1.929	1.937	1.937	0
3/21/13	1.949	1.958	1.922	1.932	1.932	0
3/22/13	1.913	1.944	1.911	1.915	1.915	0
3/25/13	1.967	1.972	1.895	1.915	1.915	0
3/26/13	1.93	1.944	1.901	1.906	1.906	0
3/27/13	1.857	1.869	1.833	1.851	1.851	0
3/28/13	1.864	1.868	1.843	1.852	1.852	0
4/1/13	1.885	1.888	1.831	1.84	1.84	0
4/2/13	1.835	1.868	1.835	1.861	1.861	0
4/3/13	1.857	1.857	1.797	1.812	1.812	0
4/4/13	1.795	1.795	1.757	1.759	1.759	0
4/5/13	1.75	1.757	1.677	1.694	1.694	0
4/8/13	1.723	1.732	1.708	1.732	1.732	0
4/9/13	1.75	1.752	1.723	1.747	1.747	0
4/10/13	1.767	1.805	1.766	1.805	1.805	0
4/11/13	1.798	1.805	1.781	1.791	1.791	0
4/12/13	1.757	1.76	1.719	1.721	1.721	0
4/15/13	1.709	1.728	1.698	1.702	1.702	0
4/16/13	1.728	1.734	1.709	1.719	1.719	0
4/17/13	1.707	1.722	1.673	1.704	1.704	0
4/18/13	1.712	1.712	1.679	1.685	1.685	0
4/19/13	1.7	1.712	1.691	1.703	1.703	0
4/22/13	1.715	1.715	1.681	1.698	1.698	0
4/23/13	1.674	1.708	1.643	1.698	1.698	0
4/24/13	1.712	1.713	1.693	1.698	1.698	0
4/25/13	1.71	1.727	1.71	1.711	1.711	0
4/26/13	1.689	1.689	1.662	1.663	1.663	0
4/29/13	1.663	1.668	1.651	1.668	1.668	0
4/30/13	1.651	1.679	1.638	1.675	1.675	0
5/1/13	1.658	1.658	1.614	1.639	1.639	0
5/2/13	1.643	1.665	1.624	1.631	1.631	0
5/3/13	1.627	1.752	1.627	1.752	1.752	0
5/6/13	1.747	1.776	1.738	1.771	1.771	0
5/7/13	1.776	1.79	1.773	1.783	1.783	0
5/8/13	1.79	1.792	1.75	1.76	1.76	0
5/9/13	1.782	1.817	1.776	1.813	1.813	0
5/10/13	1.848	1.928	1.838	1.9	1.9	0
5/13/13	1.912	1.942	1.912	1.923	1.923	0
5/14/13	1.907	1.964	1.895	1.952	1.952	0
5/15/13	1.956	1.975	1.921	1.943	1.943	0
5/16/13	1.949	1.958	1.858	1.865	1.865	0
5/17/13	1.881	1.956	1.881	1.949	1.949	0
5/20/13	1.935	1.975	1.919	1.965	1.965	0
5/21/13	1.961	1.998	1.925	1.944	1.944	0
5/22/13	1.928	2.042	1.888	2.026	2.026	0
5/23/13	2.012	2.051	1.982	2.023	2.023	0
5/24/13	2.011	2.03	1.981	2.011	2.011	0
5/28/13	2.042	2.137	2.041	2.135	2.135	0
5/29/13	2.147	2.167	2.121	2.124	2.124	0
5/30/13	2.147	2.158	2.094	2.124	2.124	0
5/31/13	2.092	2.211	2.084	2.164	2.164	0
6/3/13	2.168	2.169	2.086	2.134	2.134	0
6/4/13	2.135	2.164	2.119	2.137	2.137	0
6/5/13	2.107	2.128	2.084	2.1	2.1	0
6/6/13	2.082	2.127	1.999	2.075	2.075	0
6/7/13	2.093	2.17	2.047	2.161	2.161	0
6/10/13	2.186	2.231	2.175	2.215	2.215	0
6/11/13	2.269	2.269	2.174	2.195	2.195	0
6/12/13	2.19	2.23	2.167	2.23	2.23	0
6/13/13	2.23	2.23	2.165	2.174	2.174	0
6/14/13	2.122	2.147	2.099	2.126	2.126	0
6/17/13	2.117	2.175	2.115	2.171	2.171	0
6/18/13	2.198	2.218	2.171	2.182	2.182	0
6/19/13	2.175	2.329	2.167	2.311	2.311	0
6/20/13	2.417	2.447	2.362	2.419	2.419	0
6/21/13	2.392	2.514	2.385	2.514	2.514	0
6/24/13	2.653	2.657	2.518	2.548	2.548	0
6/25/13	2.5	2.608	2.5	2.589	2.589	0
6/26/13	2.567	2.582	2.507	2.539	2.539	0
6/27/13	2.498	2.522	2.466	2.483	2.483	0
6/28/13	2.497	2.551	2.478	2.478	2.478	0
7/1/13	2.521	2.533	2.473	2.49	2.49	0
7/2/13	2.477	2.495	2.46	2.469	2.469	0
7/3/13	2.479	2.501	2.451	2.501	2.501	0
7/5/13	2.569	2.725	2.551	2.715	2.715	0
7/8/13	2.723	2.723	2.643	2.645	2.645	0
7/9/13	2.636	2.651	2.617	2.63	2.63	0
7/10/13	2.625	2.691	2.623	2.68	2.68	0
7/11/13	2.587	2.614	2.566	2.574	2.574	0
7/12/13	2.541	2.605	2.52	2.601	2.601	0
7/15/13	2.635	2.637	2.543	2.556	2.556	0
7/16/13	2.521	2.55	2.521	2.532	2.532	0
7/17/13	2.543	2.554	2.461	2.491	2.491	0
7/18/13	2.482	2.542	2.48	2.534	2.534	0
7/19/13	2.535	2.535	2.484	2.491	2.491	0
7/22/13	2.475	2.494	2.465	2.488	2.488	0
7/23/13	2.522	2.533	2.496	2.516	2.516	0
7/24/13	2.556	2.626	2.554	2.588	2.588	0
7/25/13	2.6	2.634	2.588	2.607	2.607	0
7/26/13	2.581	2.581	2.545	2.561	2.561	0
7/29/13	2.563	2.604	2.563	2.585	2.585	0
7/30/13	2.591	2.608	2.572	2.603	2.603	0
7/31/13	2.656	2.702	2.59	2.593	2.593	0
8/1/13	2.601	2.723	2.599	2.723	2.723	0
8/2/13	2.737	2.737	2.598	2.602	2.602	0
8/5/13	2.617	2.661	2.617	2.64	2.64	0
8/6/13	2.635	2.665	2.633	2.642	2.642	0
8/7/13	2.642	2.642	2.587	2.6	2.6	0
8/8/13	2.599	2.612	2.575	2.587	2.587	0
8/9/13	2.587	2.611	2.577	2.58	2.58	0
8/12/13	2.591	2.607	2.552	2.605	2.605	0
8/13/13	2.667	2.728	2.667	2.715	2.715	0
8/14/13	2.719	2.721	2.697	2.712	2.712	0
8/15/13	2.755	2.821	2.735	2.755	2.755	0
8/16/13	2.799	2.864	2.767	2.829	2.829	0
8/19/13	2.846	2.899	2.836	2.884	2.884	0
8/20/13	2.811	2.838	2.811	2.814	2.814	0
8/21/13	2.818	2.884	2.811	2.855	2.855	0
8/22/13	2.916	2.92	2.873	2.901	2.901	0
8/23/13	2.91	2.916	2.804	2.818	2.818	0
8/26/13	2.824	2.829	2.784	2.805	2.805	0
8/27/13	2.763	2.765	2.707	2.721	2.721	0
8/28/13	2.751	2.795	2.745	2.782	2.782	0
8/29/13	2.798	2.83	2.743	2.751	2.751	0
8/30/13	2.769	2.784	2.744	2.749	2.749	0
9/3/13	2.837	2.911	2.832	2.848	2.848	0
9/4/13	2.874	2.908	2.849	2.897	2.897	0
9/5/13	2.898	2.984	2.898	2.979	2.979	0
9/6/13	2.957	2.972	2.864	2.938	2.938	0
9/9/13	2.905	2.912	2.875	2.897	2.897	0
9/10/13	2.949	2.966	2.925	2.959	2.959	0
9/11/13	2.94	2.968	2.908	2.92	2.92	0
9/12/13	2.894	2.912	2.862	2.907	2.907	0
9/13/13	2.92	2.92	2.879	2.898	2.898	0
9/16/13	2.809	2.875	2.777	2.874	2.874	0
9/17/13	2.849	2.874	2.831	2.853	2.853	0
9/18/13	2.855	2.898	2.702	2.708	2.708	0
9/19/13	2.697	2.752	2.693	2.748	2.748	0
9/20/13	2.774	2.774	2.717	2.732	2.732	0
9/23/13	2.739	2.739	2.699	2.714	2.714	0
9/24/13	2.692	2.695	2.644	2.653	2.653	0
9/25/13	2.657	2.666	2.614	2.614	2.614	0
9/26/13	2.637	2.659	2.634	2.643	2.643	0
9/27/13	2.634	2.641	2.604	2.619	2.619	0
9/30/13	2.606	2.644	2.599	2.615	2.615	0
10/1/13	2.646	2.65	2.621	2.646	2.646	0
10/2/13	2.614	2.628	2.594	2.626	2.626	0
10/3/13	2.635	2.639	2.581	2.606	2.606	0
10/4/13	2.623	2.658	2.619	2.652	2.652	0
10/7/13	2.621	2.634	2.607	2.634	2.634	0
10/8/13	2.654	2.659	2.616	2.636	2.636	0
10/9/13	2.638	2.674	2.636	2.65	2.65	0
10/10/13	2.703	2.722	2.685	2.685	2.685	0
10/11/13	2.683	2.683	2.645	2.682	2.682	0
10/14/13	2.691	2.691	2.691	2.691	2.691	0
10/15/13	2.717	2.733	2.693	2.72	2.72	0
10/16/13	2.737	2.757	2.667	2.671	2.671	0
10/17/13	2.627	2.631	2.581	2.587	2.587	0
10/18/13	2.574	2.596	2.565	2.589	2.589	0
10/21/13	2.601	2.62	2.589	2.609	2.609	0
10/22/13	2.583	2.587	2.512	2.512	2.512	0
10/23/13	2.493	2.509	2.471	2.485	2.485	0
10/24/13	2.485	2.522	2.474	2.522	2.522	0
10/25/13	2.518	2.52	2.496	2.503	2.503	0
10/28/13	2.512	2.522	2.5	2.512	2.512	0
10/29/13	2.518	2.536	2.505	2.507	2.507	0
10/30/13	2.491	2.549	2.473	2.527	2.527	0
10/31/13	2.518	2.571	2.502	2.542	2.542	0
11/1/13	2.589	2.629	2.572	2.62	2.62	0
11/4/13	2.607	2.607	2.589	2.602	2.602	0
11/5/13	2.618	2.677	2.618	2.662	2.662	0
11/6/13	2.66	2.66	2.631	2.64	2.64	0
11/7/13	2.616	2.646	2.596	2.613	2.613	0
11/8/13	2.618	2.763	2.618	2.746	2.746	0
11/11/13	2.751	2.751	2.751	2.751	2.751	0
11/12/13	2.763	2.781	2.753	2.768	2.768	0
11/13/13	2.742	2.742	2.72	2.725	2.725	0
11/14/13	2.723	2.739	2.686	2.702	2.702	0
11/15/13	2.728	2.732	2.693	2.709	2.709	0
11/18/13	2.703	2.705	2.669	2.678	2.678	0
11/19/13	2.687	2.716	2.68	2.712	2.712	0
11/20/13	2.723	2.795	2.687	2.792	2.792	0
11/21/13	2.799	2.839	2.777	2.784	2.784	0
11/22/13	2.775	2.782	2.746	2.752	2.752	0
11/25/13	2.755	2.766	2.728	2.741	2.741	0
11/26/13	2.712	2.734	2.694	2.696	2.696	0
11/27/13	2.721	2.77	2.71	2.736	2.736	0
11/29/13	2.746	2.768	2.736	2.741	2.741	0
12/2/13	2.781	2.81	2.768	2.801	2.801	0
12/3/13	2.777	2.784	2.759	2.775	2.775	0
12/4/13	2.828	2.852	2.824	2.841	2.841	0
12/5/13	2.841	2.873	2.841	2.862	2.862	0
12/6/13	2.868	2.932	2.841	2.883	2.883	0
12/9/13	2.846	2.857	2.835	2.857	2.857	0
12/10/13	2.819	2.822	2.792	2.797	2.797	0
12/11/13	2.817	2.846	2.806	2.844	2.844	0
12/12/13	2.859	2.888	2.853	2.877	2.877	0
12/13/13	2.87	2.879	2.854	2.868	2.868	0
12/16/13	2.848	2.887	2.839	2.877	2.877	0
12/17/13	2.876	2.887	2.839	2.843	2.843	0
12/18/13	2.861	2.929	2.824	2.885	2.885	0
12/19/13	2.883	2.951	2.883	2.925	2.925	0
12/20/13	2.946	2.966	2.88	2.887	2.887	0
12/23/13	2.916	2.933	2.896	2.929	2.929	0
12/24/13	2.942	2.985	2.942	2.983	2.983	0
12/26/13	2.981	3	2.981	2.99	2.99	0
12/27/13	3.019	3.019	2.981	3.006	3.006	0
12/30/13	2.991	2.991	2.967	2.976	2.976	0
12/31/13	2.985	3.036	2.983	3.026	3.026	0
1/2/14	3.028	3.034	2.978	2.985	2.985	0
1/3/14	2.998	3.012	2.971	2.995	2.995	0
1/6/14	2.976	2.984	2.946	2.961	2.961	0
1/7/14	2.956	2.965	2.937	2.937	2.937	0
1/8/14	2.984	3.01	2.976	2.993	2.993	0
1/9/14	2.986	3.001	2.963	2.963	2.963	0
1/10/14	2.956	2.969	2.858	2.86	2.86	0
1/13/14	2.854	2.865	2.819	2.827	2.827	0
1/14/14	2.847	2.875	2.84	2.869	2.869	0
1/15/14	2.864	2.912	2.86	2.884	2.884	0
1/16/14	2.88	2.88	2.838	2.843	2.843	0
1/17/14	2.834	2.86	2.827	2.827	2.827	0
1/21/14	2.843	2.845	2.819	2.825	2.825	0
1/22/14	2.849	2.86	2.836	2.86	2.86	0
1/23/14	2.838	2.838	2.759	2.773	2.773	0
1/24/14	2.737	2.761	2.717	2.735	2.735	0
1/27/14	2.75	2.766	2.722	2.766	2.766	0
1/28/14	2.779	2.781	2.739	2.746	2.746	0
1/29/14	2.755	2.761	2.673	2.675	2.675	0
1/30/14	2.699	2.726	2.691	2.693	2.693	0
1/31/14	2.648	2.675	2.646	2.668	2.668	0
2/3/14	2.677	2.677	2.579	2.581	2.581	0
2/4/14	2.611	2.635	2.608	2.624	2.624	0
2/5/14	2.608	2.673	2.599	2.667	2.667	0
2/6/14	2.677	2.709	2.671	2.702	2.702	0
2/7/14	2.722	2.726	2.633	2.675	2.675	0
2/10/14	2.673	2.695	2.667	2.678	2.678	0
2/11/14	2.687	2.733	2.682	2.719	2.719	0
2/12/14	2.742	2.777	2.737	2.763	2.763	0
2/13/14	2.761	2.761	2.727	2.736	2.736	0
2/14/14	2.73	2.755	2.73	2.746	2.746	0
2/18/14	2.73	2.739	2.696	2.711	2.711	0
2/19/14	2.682	2.739	2.675	2.734	2.734	0
2/20/14	2.736	2.773	2.725	2.754	2.754	0
2/21/14	2.766	2.781	2.732	2.734	2.734	0
2/24/14	2.741	2.763	2.73	2.75	2.75	0
2/25/14	2.746	2.746	2.7	2.701	2.701	0
2/26/14	2.71	2.717	2.664	2.673	2.673	0
2/27/14	2.648	2.66	2.639	2.642	2.642	0
2/28/14	2.64	2.698	2.64	2.658	2.658	0
3/3/14	2.612	2.635	2.596	2.607	2.607	0
3/4/14	2.647	2.692	2.64	2.691	2.691	0
3/5/14	2.7	2.719	2.68	2.698	2.698	0
3/6/14	2.721	2.748	2.717	2.737	2.737	0
3/7/14	2.725	2.821	2.721	2.79	2.79	0
3/10/14	2.802	2.802	2.775	2.784	2.784	0
3/11/14	2.786	2.799	2.763	2.766	2.766	0
3/12/14	2.752	2.752	2.714	2.726	2.726	0
3/13/14	2.732	2.755	2.651	2.653	2.653	0
3/14/14	2.626	2.667	2.61	2.645	2.645	0
3/17/14	2.672	2.699	2.658	2.699	2.699	0
3/18/14	2.69	2.701	2.672	2.681	2.681	0
3/19/14	2.683	2.772	2.681	2.772	2.772	0
3/20/14	2.781	2.793	2.763	2.775	2.775	0
3/21/14	2.764	2.784	2.744	2.75	2.75	0
3/24/14	2.77	2.777	2.721	2.733	2.733	0
3/25/14	2.746	2.763	2.726	2.735	2.735	0
3/26/14	2.755	2.763	2.696	2.701	2.701	0
3/27/14	2.703	2.714	2.659	2.672	2.672	0
3/28/14	2.688	2.733	2.683	2.712	2.712	0
3/31/14	2.744	2.768	2.723	2.723	2.723	0
4/1/14	2.743	2.766	2.743	2.759	2.759	0
4/2/14	2.779	2.808	2.775	2.803	2.803	0
4/3/14	2.799	2.806	2.777	2.79	2.79	0
4/4/14	2.795	2.801	2.721	2.726	2.726	0
4/7/14	2.726	2.728	2.683	2.695	2.695	0
4/8/14	2.717	2.721	2.675	2.681	2.681	0
4/9/14	2.706	2.723	2.674	2.684	2.684	0
4/10/14	2.666	2.686	2.614	2.628	2.628	0
4/11/14	2.608	2.635	2.607	2.619	2.619	0
4/14/14	2.637	2.655	2.628	2.639	2.639	0
4/15/14	2.655	2.663	2.596	2.628	2.628	0
4/16/14	2.648	2.661	2.635	2.637	2.637	0
4/17/14	2.652	2.728	2.644	2.721	2.721	0
4/21/14	2.722	2.722	2.688	2.721	2.721	0
4/22/14	2.726	2.748	2.717	2.726	2.726	0
4/23/14	2.697	2.706	2.677	2.686	2.686	0
4/24/14	2.715	2.733	2.684	2.688	2.688	0
4/25/14	2.666	2.679	2.644	2.666	2.666	0
4/28/14	2.682	2.71	2.668	2.677	2.677	0
4/29/14	2.715	2.731	2.691	2.695	2.695	0
4/30/14	2.711	2.711	2.648	2.648	2.648	0
5/1/14	2.66	2.662	2.593	2.606	2.606	0
5/2/14	2.624	2.7	2.574	2.591	2.591	0
5/5/14	2.575	2.613	2.572	2.611	2.611	0
5/6/14	2.61	2.611	2.586	2.595	2.595	0
5/7/14	2.611	2.617	2.577	2.59	2.59	0
5/8/14	2.618	2.631	2.58	2.602	2.602	0
5/9/14	2.595	2.636	2.595	2.623	2.623	0
5/12/14	2.645	2.663	2.638	2.656	2.656	0
5/13/14	2.656	2.658	2.611	2.618	2.618	0
5/14/14	2.571	2.586	2.525	2.543	2.543	0
5/15/14	2.541	2.561	2.473	2.502	2.502	0
5/16/14	2.496	2.521	2.493	2.518	2.518	0
5/19/14	2.52	2.539	2.495	2.536	2.536	0
5/20/14	2.548	2.554	2.502	2.509	2.509	0
5/21/14	2.53	2.559	2.53	2.537	2.537	0
5/22/14	2.554	2.562	2.534	2.555	2.555	0
5/23/14	2.543	2.545	2.518	2.536	2.536	0
5/27/14	2.536	2.554	2.514	2.518	2.518	0
5/28/14	2.498	2.498	2.434	2.438	2.438	0
5/29/14	2.436	2.457	2.402	2.447	2.447	0
5/30/14	2.466	2.491	2.452	2.457	2.457	0
6/2/14	2.5	2.541	2.487	2.534	2.534	0
6/3/14	2.55	2.595	2.545	2.593	2.593	0
6/4/14	2.58	2.615	2.568	2.606	2.606	0
6/5/14	2.602	2.646	2.573	2.584	2.584	0
6/6/14	2.577	2.602	2.53	2.597	2.597	0
6/9/14	2.615	2.628	2.602	2.613	2.613	0
6/10/14	2.631	2.651	2.624	2.635	2.635	0
6/11/14	2.635	2.647	2.613	2.64	2.64	0
6/12/14	2.651	2.655	2.579	2.586	2.586	0
6/13/14	2.613	2.644	2.588	2.604	2.604	0
6/16/14	2.581	2.613	2.581	2.597	2.597	0
6/17/14	2.595	2.655	2.59	2.655	2.655	0
6/18/14	2.65	2.655	2.59	2.613	2.613	0
6/19/14	2.586	2.646	2.564	2.622	2.622	0
6/20/14	2.641	2.659	2.617	2.624	2.624	0
6/23/14	2.599	2.624	2.59	2.623	2.623	0
6/24/14	2.61	2.619	2.579	2.586	2.586	0
6/25/14	2.572	2.572	2.529	2.559	2.559	0
6/26/14	2.563	2.565	2.516	2.525	2.525	0
6/27/14	2.521	2.536	2.507	2.532	2.532	0
6/30/14	2.52	2.547	2.514	2.516	2.516	0
7/1/14	2.55	2.57	2.545	2.563	2.563	0
7/2/14	2.588	2.63	2.585	2.628	2.628	0
7/3/14	2.627	2.692	2.625	2.648	2.648	0
7/7/14	2.632	2.636	2.608	2.617	2.617	0
7/8/14	2.597	2.597	2.556	2.565	2.565	0
7/9/14	2.578	2.601	2.543	2.547	2.547	0
7/10/14	2.503	2.541	2.494	2.532	2.532	0
7/11/14	2.523	2.529	2.505	2.52	2.52	0
7/14/14	2.529	2.55	2.529	2.549	2.549	0
7/15/14	2.547	2.57	2.52	2.549	2.549	0
7/16/14	2.554	2.567	2.53	2.538	2.538	0
7/17/14	2.516	2.518	2.467	2.475	2.475	0
7/18/14	2.464	2.5	2.46	2.484	2.484	0
7/21/14	2.485	2.485	2.448	2.474	2.474	0
7/22/14	2.496	2.502	2.46	2.466	2.466	0
7/23/14	2.462	2.466	2.449	2.464	2.464	0
7/24/14	2.493	2.522	2.491	2.509	2.509	0
7/25/14	2.505	2.507	2.466	2.469	2.469	0
7/28/14	2.48	2.496	2.466	2.491	2.491	0
7/29/14	2.478	2.487	2.451	2.462	2.462	0
7/30/14	2.471	2.567	2.467	2.554	2.554	0
7/31/14	2.569	2.614	2.542	2.556	2.556	0
8/1/14	2.582	2.591	2.482	2.505	2.505	0
8/4/14	2.494	2.496	2.471	2.491	2.491	0
8/5/14	2.494	2.525	2.473	2.483	2.483	0
8/6/14	2.442	2.474	2.3	2.474	2.474	0
8/7/14	2.465	2.482	2.424	2.424	2.424	0
8/8/14	2.395	2.426	2.37	2.415	2.415	0
8/11/14	2.44	2.44	2.411	2.42	2.42	0
8/12/14	2.431	2.447	2.415	2.442	2.442	0
8/13/14	2.46	2.46	2.408	2.413	2.413	0
8/14/14	2.414	2.425	2.391	2.4	2.4	0
8/15/14	2.387	2.398	2.305	2.345	2.345	0
8/18/14	2.366	2.394	2.363	2.387	2.387	0
8/19/14	2.363	2.407	2.361	2.405	2.405	0
8/20/14	2.412	2.444	2.401	2.426	2.426	0
8/21/14	2.442	2.442	2.398	2.407	2.407	0
8/22/14	2.394	2.444	2.391	2.403	2.403	0
8/25/14	2.386	2.41	2.386	2.387	2.387	0
8/26/14	2.387	2.4	2.368	2.391	2.391	0
8/27/14	2.368	2.389	2.359	2.361	2.361	0
8/28/14	2.341	2.35	2.322	2.334	2.334	0
8/29/14	2.345	2.354	2.325	2.343	2.343	0
9/2/14	2.393	2.419	2.391	2.419	2.419	0
9/3/14	2.455	2.457	2.409	2.41	2.41	0
9/4/14	2.4	2.457	2.382	2.448	2.448	0
9/5/14	2.468	2.487	2.389	2.461	2.461	0
9/8/14	2.437	2.48	2.421	2.469	2.469	0
9/9/14	2.5	2.507	2.482	2.5	2.5	0
9/10/14	2.529	2.541	2.522	2.534	2.534	0
9/11/14	2.52	2.538	2.507	2.531	2.531	0
9/12/14	2.576	2.616	2.576	2.614	2.614	0
9/15/14	2.605	2.609	2.582	2.591	2.591	0
9/16/14	2.556	2.589	2.553	2.589	2.589	0
9/17/14	2.578	2.616	2.551	2.6	2.6	0
9/18/14	2.625	2.642	2.616	2.629	2.629	0
9/19/14	2.611	2.629	2.582	2.587	2.587	0
9/22/14	2.562	2.578	2.547	2.566	2.566	0
9/23/14	2.549	2.556	2.533	2.535	2.535	0
9/24/14	2.538	2.569	2.527	2.569	2.569	0
9/25/14	2.544	2.546	2.504	2.511	2.511	0
9/26/14	2.502	2.549	2.497	2.535	2.535	0
9/29/14	2.499	2.501	2.479	2.491	2.491	0
9/30/14	2.504	2.511	2.484	2.508	2.508	0
10/1/14	2.475	2.475	2.403	2.403	2.403	0
10/2/14	2.409	2.439	2.386	2.438	2.438	0
10/3/14	2.441	2.484	2.436	2.447	2.447	0
10/6/14	2.43	2.45	2.404	2.425	2.425	0
10/7/14	2.418	2.418	2.343	2.35	2.35	0
10/8/14	2.364	2.386	2.328	2.33	2.33	0
10/9/14	2.289	2.339	2.289	2.327	2.327	0
10/10/14	2.304	2.323	2.298	2.307	2.307	0
10/13/14	2.286	2.286	2.286	2.286	2.286	0
10/14/14	2.19	2.236	2.19	2.206	2.206	0
10/15/14	2.162	2.169	1.868	2.09	2.09	0
10/16/14	2.056	2.18	2.023	2.153	2.153	0
10/17/14	2.172	2.229	2.171	2.199	2.199	0
10/20/14	2.19	2.202	2.16	2.181	2.181	0
10/21/14	2.211	2.225	2.195	2.208	2.208	0
10/22/14	2.209	2.25	2.2	2.229	2.229	0
10/23/14	2.246	2.3	2.241	2.275	2.275	0
10/24/14	2.243	2.276	2.229	2.273	2.273	0
10/27/14	2.262	2.268	2.243	2.257	2.257	0
10/28/14	2.284	2.296	2.255	2.284	2.284	0
10/29/14	2.291	2.36	2.289	2.323	2.323	0
10/30/14	2.312	2.323	2.28	2.305	2.305	0
10/31/14	2.332	2.35	2.317	2.335	2.335	0
11/3/14	2.325	2.384	2.321	2.348	2.348	0
11/4/14	2.319	2.348	2.303	2.342	2.342	0
11/5/14	2.366	2.369	2.337	2.35	2.35	0
11/6/14	2.335	2.382	2.335	2.375	2.375	0
11/7/14	2.389	2.407	2.308	2.312	2.312	0
11/10/14	2.294	2.36	2.294	2.359	2.359	0
11/11/14	2.36	2.36	2.36	2.36	2.36	0
11/12/14	2.326	2.371	2.319	2.359	2.359	0
11/13/14	2.354	2.37	2.34	2.347	2.347	0
11/14/14	2.354	2.377	2.315	2.32	2.32	0
11/17/14	2.292	2.347	2.29	2.34	2.34	0
11/18/14	2.328	2.338	2.308	2.322	2.322	0
11/19/14	2.34	2.363	2.321	2.351	2.351	0
11/20/14	2.326	2.351	2.303	2.335	2.335	0
11/21/14	2.34	2.345	2.315	2.315	2.315	0
11/24/14	2.331	2.338	2.303	2.31	2.31	0
11/25/14	2.301	2.317	2.26	2.26	2.26	0
11/26/14	2.252	2.253	2.229	2.234	2.234	0
11/28/14	2.209	2.218	2.194	2.194	2.194	0
12/1/14	2.157	2.218	2.155	2.218	2.218	0
12/2/14	2.246	2.289	2.243	2.285	2.285	0
12/3/14	2.291	2.307	2.278	2.287	2.287	0
12/4/14	2.28	2.298	2.253	2.257	2.257	0
12/5/14	2.252	2.331	2.252	2.307	2.307	0
12/8/14	2.31	2.31	2.243	2.257	2.257	0
12/9/14	2.239	2.239	2.187	2.22	2.22	0
12/10/14	2.208	2.227	2.169	2.169	2.169	0
12/11/14	2.146	2.216	2.146	2.178	2.178	0
12/12/14	2.116	2.146	2.083	2.103	2.103	0
12/15/14	2.131	2.136	2.08	2.116	2.116	0
12/16/14	2.047	2.104	2.045	2.071	2.071	0
12/17/14	2.097	2.148	2.066	2.148	2.148	0
12/18/14	2.176	2.225	2.171	2.204	2.204	0
12/19/14	2.209	2.209	2.167	2.176	2.176	0
12/22/14	2.185	2.188	2.155	2.162	2.162	0
12/23/14	2.172	2.261	2.172	2.257	2.257	0
12/24/14	2.284	2.301	2.261	2.264	2.264	0
12/26/14	2.243	2.266	2.236	2.25	2.25	0
12/29/14	2.223	2.229	2.195	2.207	2.207	0
12/30/14	2.19	2.192	2.167	2.19	2.19	0
12/31/14	2.177	2.19	2.169	2.17	2.17	0
1/2/15	2.197	2.213	2.102	2.123	2.123	0
1/5/15	2.102	2.109	2.037	2.039	2.039	0
1/6/15	1.968	1.997	1.889	1.963	1.963	0
1/7/15	1.975	2.008	1.938	1.954	1.954	0
1/8/15	2.004	2.03	1.988	2.016	2.016	0
1/9/15	1.997	2.021	1.943	1.971	1.971	0
1/12/15	1.964	1.966	1.902	1.912	1.912	0
1/13/15	1.876	1.945	1.876	1.89	1.89	0
1/14/15	1.866	1.866	1.784	1.837	1.837	0
1/15/15	1.813	1.852	1.756	1.775	1.775	0
1/16/15	1.715	1.831	1.7	1.815	1.815	0
1/20/15	1.827	1.827	1.761	1.807	1.807	0
1/21/15	1.798	1.863	1.773	1.853	1.853	0
1/22/15	1.939	1.953	1.812	1.896	1.896	0
1/23/15	1.82	1.847	1.801	1.817	1.817	0
1/26/15	1.804	1.842	1.796	1.828	1.828	0
1/27/15	1.794	1.83	1.75	1.825	1.825	0
1/28/15	1.823	1.828	1.721	1.724	1.724	0
1/29/15	1.746	1.785	1.738	1.751	1.751	0
1/30/15	1.702	1.707	1.651	1.675	1.675	0
2/2/15	1.674	1.712	1.654	1.673	1.673	0
2/3/15	1.717	1.785	1.717	1.78	1.78	0
2/4/15	1.821	1.846	1.783	1.797	1.797	0
2/5/15	1.8	1.829	1.788	1.815	1.815	0
2/6/15	1.818	1.953	1.805	1.938	1.938	0
2/9/15	1.922	1.95	1.903	1.948	1.948	0
2/10/15	2.014	2.016	1.969	1.991	1.991	0
2/11/15	1.983	2.025	1.97	1.988	1.988	0
2/12/15	2.033	2.04	1.959	1.986	1.986	0
2/13/15	2.007	2.026	1.995	2.021	2.021	0
2/17/15	2.028	2.152	2.016	2.145	2.145	0
2/18/15	2.133	2.136	2.043	2.066	2.066	0
2/19/15	2.092	2.122	2.059	2.113	2.113	0
2/20/15	2.078	2.142	2.045	2.133	2.133	0
2/23/15	2.112	2.112	2.056	2.059	2.059	0
2/24/15	2.075	2.108	1.977	1.988	1.988	0
2/25/15	1.972	2	1.962	1.969	1.969	0
2/26/15	1.939	2.021	1.931	2.016	2.016	0
2/27/15	2.024	2.049	2	2.002	2.002	0
3/2/15	2.014	2.086	2.005	2.084	2.084	0
3/3/15	2.1	2.124	2.077	2.122	2.122	0
3/4/15	2.128	2.131	2.112	2.123	2.123	0
3/5/15	2.135	2.147	2.096	2.112	2.112	0
3/6/15	2.11	2.259	2.105	2.24	2.24	0
3/9/15	2.215	2.218	2.192	2.195	2.195	0
3/10/15	2.158	2.16	2.117	2.126	2.126	0
3/11/15	2.151	2.16	2.098	2.109	2.109	0
3/12/15	2.088	2.123	2.042	2.096	2.096	0
3/13/15	2.107	2.133	2.086	2.112	2.112	0
3/16/15	2.093	2.105	2.065	2.098	2.098	0
3/17/15	2.051	2.072	2.038	2.058	2.058	0
3/18/15	2.026	2.054	1.944	1.951	1.951	0
3/19/15	1.937	1.989	1.925	1.977	1.977	0
3/20/15	1.956	1.958	1.927	1.93	1.93	0
3/23/15	1.916	1.939	1.909	1.915	1.915	0
3/24/15	1.903	1.92	1.87	1.878	1.878	0
3/25/15	1.864	1.923	1.852	1.92	1.92	0
3/26/15	1.925	2.009	1.922	2.007	2.007	0
3/27/15	1.984	1.986	1.944	1.948	1.948	0
3/30/15	1.965	1.974	1.941	1.963	1.963	0
3/31/15	1.939	1.968	1.928	1.934	1.934	0
4/1/15	1.892	1.897	1.852	1.868	1.868	0
4/2/15	1.857	1.909	1.855	1.904	1.904	0
4/6/15	1.845	1.911	1.843	1.904	1.904	0
4/7/15	1.913	1.928	1.887	1.893	1.893	0
4/8/15	1.892	1.925	1.881	1.895	1.895	0
4/9/15	1.88	1.965	1.878	1.958	1.958	0
4/10/15	1.942	1.956	1.919	1.951	1.951	0
4/13/15	1.972	1.972	1.933	1.939	1.939	0
4/14/15	1.918	1.925	1.855	1.904	1.904	0
4/15/15	1.914	1.918	1.872	1.9	1.9	0
4/16/15	1.881	1.926	1.871	1.878	1.878	0
4/17/15	1.858	1.911	1.845	1.85	1.85	0
4/20/15	1.881	1.902	1.853	1.895	1.895	0
4/21/15	1.869	1.919	1.865	1.916	1.916	0
4/22/15	1.905	1.981	1.891	1.972	1.972	0
4/23/15	1.968	1.989	1.944	1.947	1.947	0
4/24/15	1.956	1.959	1.907	1.917	1.917	0
4/27/15	1.933	1.949	1.907	1.924	1.924	0
4/28/15	1.928	1.989	1.926	1.973	1.973	0
4/29/15	2.026	2.081	1.995	2.035	2.035	0
4/30/15	2.034	2.11	2.03	2.046	2.046	0
5/1/15	2.067	2.124	2.058	2.117	2.117	0
5/4/15	2.119	2.142	2.087	2.135	2.135	0
5/5/15	2.142	2.2	2.117	2.176	2.176	0
5/6/15	2.198	2.252	2.182	2.24	2.24	0
5/7/15	2.209	2.249	2.184	2.184	2.184	0
5/8/15	2.178	2.2	2.101	2.15	2.15	0
5/11/15	2.175	2.278	2.173	2.274	2.274	0
5/12/15	2.335	2.335	2.234	2.26	2.26	0
5/13/15	2.227	2.289	2.189	2.282	2.282	0
5/14/15	2.251	2.278	2.225	2.239	2.239	0
5/15/15	2.192	2.211	2.134	2.141	2.141	0
5/18/15	2.156	2.234	2.156	2.228	2.228	0
5/19/15	2.214	2.301	2.214	2.262	2.262	0
5/20/15	2.257	2.285	2.229	2.251	2.251	0
5/21/15	2.23	2.257	2.185	2.185	2.185	0
5/22/15	2.171	2.241	2.171	2.215	2.215	0
5/26/15	2.19	2.213	2.132	2.137	2.137	0
5/27/15	2.155	2.174	2.135	2.135	2.135	0
5/28/15	2.127	2.153	2.116	2.13	2.13	0
5/29/15	2.128	2.134	2.092	2.095	2.095	0
6/1/15	2.125	2.197	2.106	2.192	2.192	0
6/2/15	2.213	2.277	2.211	2.266	2.266	0
6/3/15	2.291	2.388	2.271	2.366	2.366	0
6/4/15	2.359	2.362	2.296	2.307	2.307	0
6/5/15	2.35	2.438	2.341	2.402	2.402	0
6/8/15	2.399	2.402	2.366	2.381	2.381	0
6/9/15	2.386	2.449	2.386	2.417	2.417	0
6/10/15	2.477	2.489	2.453	2.478	2.478	0
6/11/15	2.462	2.484	2.383	2.383	2.383	0
6/12/15	2.386	2.406	2.334	2.385	2.385	0
6/15/15	2.352	2.376	2.313	2.358	2.358	0
6/16/15	2.324	2.356	2.313	2.318	2.318	0
6/17/15	2.331	2.403	2.306	2.306	2.306	0
6/18/15	2.304	2.381	2.288	2.351	2.351	0
6/19/15	2.317	2.317	2.26	2.267	2.267	0
6/22/15	2.317	2.369	2.285	2.36	2.36	0
6/23/15	2.389	2.429	2.367	2.409	2.409	0
6/24/15	2.383	2.414	2.365	2.371	2.371	0
6/25/15	2.398	2.423	2.382	2.393	2.393	0
6/26/15	2.434	2.489	2.434	2.476	2.476	0
6/29/15	2.369	2.409	2.328	2.331	2.331	0
6/30/15	2.362	2.378	2.31	2.335	2.335	0
7/1/15	2.418	2.444	2.397	2.418	2.418	0
7/2/15	2.455	2.47	2.364	2.393	2.393	0
7/6/15	2.316	2.346	2.276	2.278	2.278	0
7/7/15	2.226	2.237	2.187	2.231	2.231	0
7/8/15	2.224	2.251	2.198	2.206	2.206	0
7/9/15	2.253	2.307	2.246	2.301	2.301	0
7/10/15	2.365	2.421	2.361	2.417	2.417	0
7/13/15	2.439	2.461	2.405	2.43	2.43	0
7/14/15	2.427	2.432	2.39	2.399	2.399	0
7/15/15	2.387	2.432	2.345	2.35	2.35	0
7/16/15	2.376	2.396	2.34	2.352	2.352	0
7/17/15	2.347	2.374	2.336	2.349	2.349	0
7/20/15	2.352	2.396	2.352	2.372	2.372	0
7/21/15	2.4	2.403	2.331	2.34	2.34	0
7/22/15	2.324	2.336	2.302	2.322	2.322	0
7/23/15	2.311	2.344	2.271	2.277	2.277	0
7/24/15	2.275	2.286	2.255	2.271	2.271	0
7/27/15	2.239	2.243	2.21	2.228	2.228	0
7/28/15	2.261	2.266	2.241	2.25	2.25	0
7/29/15	2.279	2.297	2.263	2.279	2.279	0
7/30/15	2.309	2.32	2.255	2.268	2.268	0
7/31/15	2.259	2.261	2.194	2.205	2.205	0
8/3/15	2.194	2.207	2.139	2.15	2.15	0
8/4/15	2.173	2.216	2.166	2.211	2.211	0
8/5/15	2.221	2.293	2.214	2.268	2.268	0
8/6/15	2.272	2.277	2.22	2.234	2.234	0
8/7/15	2.218	2.252	2.166	2.175	2.175	0
8/10/15	2.209	2.243	2.202	2.238	2.238	0
8/11/15	2.168	2.175	2.114	2.137	2.137	0
8/12/15	2.1	2.134	2.082	2.13	2.13	0
8/13/15	2.164	2.196	2.152	2.189	2.189	0
8/14/15	2.175	2.221	2.173	2.196	2.196	0
8/17/15	2.18	2.182	2.145	2.15	2.15	0
8/18/15	2.168	2.198	2.164	2.196	2.196	0
8/19/15	2.187	2.23	2.129	2.129	2.129	0
8/20/15	2.099	2.117	2.075	2.084	2.084	0
8/21/15	2.066	2.085	2.03	2.054	2.054	0
8/24/15	1.977	2.045	1.905	1.997	1.997	0
8/25/15	2.063	2.135	2.049	2.133	2.133	0
8/26/15	2.129	2.181	2.098	2.172	2.172	0
8/27/15	2.181	2.207	2.161	2.168	2.168	0
8/28/15	2.165	2.193	2.128	2.186	2.186	0
8/31/15	2.161	2.207	2.137	2.2	2.2	0
9/1/15	2.165	2.195	2.151	2.172	2.172	0
9/2/15	2.16	2.199	2.154	2.193	2.193	0
9/3/15	2.174	2.197	2.153	2.168	2.168	0
9/4/15	2.128	2.169	2.114	2.128	2.128	0
9/8/15	2.162	2.199	2.16	2.194	2.194	0
9/9/15	2.218	2.254	2.172	2.181	2.181	0
9/10/15	2.219	2.236	2.19	2.222	2.222	0
9/11/15	2.203	2.206	2.172	2.183	2.183	0
9/14/15	2.167	2.196	2.164	2.18	2.18	0
9/15/15	2.172	2.281	2.171	2.281	2.281	0
9/16/15	2.281	2.303	2.264	2.303	2.303	0
9/17/15	2.283	2.294	2.203	2.217	2.217	0
9/18/15	2.157	2.173	2.13	2.13	2.13	0
9/21/15	2.175	2.217	2.166	2.214	2.214	0
9/22/15	2.171	2.171	2.114	2.125	2.125	0
9/23/15	2.151	2.171	2.136	2.144	2.144	0
9/24/15	2.113	2.127	2.081	2.12	2.12	0
9/25/15	2.18	2.198	2.157	2.168	2.168	0
9/28/15	2.134	2.157	2.093	2.095	2.095	0
9/29/15	2.113	2.114	2.047	2.054	2.054	0
9/30/15	2.091	2.093	2.053	2.06	2.06	0
10/1/15	2.039	2.046	2.01	2.042	2.042	0
10/2/15	2.047	2.065	1.906	1.989	1.989	0
10/5/15	2.017	2.06	2.012	2.056	2.056	0
10/6/15	2.046	2.077	2.03	2.035	2.035	0
10/7/15	2.065	2.086	2.053	2.062	2.062	0
10/8/15	2.056	2.113	2.049	2.108	2.108	0
10/9/15	2.118	2.138	2.088	2.099	2.099	0
10/12/15	2.09	2.09	2.09	2.09	2.09	0
10/13/15	2.062	2.078	2.044	2.055	2.055	0
10/14/15	2.04	2.042	1.979	1.981	1.981	0
10/15/15	2	2.028	1.996	2.023	2.023	0
10/16/15	2.014	2.033	2.005	2.023	2.023	0
10/19/15	2.04	2.056	2.021	2.028	2.028	0
10/20/15	2.055	2.079	2.053	2.071	2.071	0
10/21/15	2.056	2.058	2.018	2.03	2.03	0
10/22/15	2.041	2.055	2.003	2.025	2.025	0
10/23/15	2.072	2.097	2.072	2.083	2.083	0
10/26/15	2.074	2.074	2.051	2.058	2.058	0
10/27/15	2.041	2.042	2.009	2.028	2.028	0
10/28/15	2.035	2.106	2.032	2.092	2.092	0
10/29/15	2.106	2.18	2.096	2.173	2.173	0
10/30/15	2.173	2.182	2.142	2.151	2.151	0
11/2/15	2.175	2.189	2.167	2.187	2.187	0
11/3/15	2.194	2.225	2.189	2.22	2.22	0
11/4/15	2.209	2.241	2.198	2.23	2.23	0
11/5/15	2.249	2.261	2.225	2.245	2.245	0
11/6/15	2.229	2.349	2.229	2.333	2.333	0
11/9/15	2.344	2.377	2.331	2.342	2.342	0
11/10/15	2.327	2.353	2.311	2.322	2.322	0
11/11/15	2.338	2.338	2.338	2.338	2.338	0
11/12/15	2.326	2.342	2.299	2.319	2.319	0
11/13/15	2.305	2.312	2.271	2.28	2.28	0
11/16/15	2.259	2.273	2.243	2.273	2.273	0
11/17/15	2.285	2.313	2.254	2.261	2.261	0
11/18/15	2.285	2.299	2.262	2.269	2.269	0
11/19/15	2.261	2.264	2.232	2.248	2.248	0
11/20/15	2.25	2.262	2.231	2.262	2.262	0
11/23/15	2.294	2.298	2.239	2.25	2.25	0
11/24/15	2.217	2.25	2.206	2.243	2.243	0
11/25/15	2.232	2.248	2.224	2.232	2.232	0
11/27/15	2.208	2.229	2.208	2.225	2.225	0
11/30/15	2.232	2.234	2.213	2.218	2.218	0
12/1/15	2.229	2.232	2.145	2.155	2.155	0
12/2/15	2.173	2.199	2.168	2.178	2.178	0
12/3/15	2.206	2.347	2.204	2.33	2.33	0
12/4/15	2.314	2.356	2.261	2.275	2.275	0
12/7/15	2.284	2.292	2.204	2.225	2.225	0
12/8/15	2.209	2.243	2.197	2.238	2.238	0
12/9/15	2.248	2.271	2.197	2.208	2.208	0
12/10/15	2.216	2.239	2.206	2.239	2.239	0
12/11/15	2.201	2.206	2.132	2.139	2.139	0
12/14/15	2.152	2.231	2.152	2.225	2.225	0
12/15/15	2.239	2.289	2.238	2.268	2.268	0
12/16/15	2.284	2.332	2.25	2.287	2.287	0
12/17/15	2.253	2.275	2.231	2.238	2.238	0
12/18/15	2.199	2.218	2.178	2.199	2.199	0
12/21/15	2.211	2.211	2.172	2.197	2.197	0
12/22/15	2.202	2.239	2.197	2.239	2.239	0
12/23/15	2.252	2.28	2.25	2.264	2.264	0
12/24/15	2.261	2.262	2.241	2.243	2.243	0
12/28/15	2.241	2.245	2.213	2.225	2.225	0
12/29/15	2.252	2.316	2.246	2.307	2.307	0
12/30/15	2.31	2.325	2.287	2.303	2.303	0
12/31/15	2.284	2.3	2.266	2.269	2.269	0
1/4/16	2.23	2.245	2.2	2.245	2.245	0
1/5/16	2.243	2.261	2.225	2.248	2.248	0
1/6/16	2.191	2.209	2.176	2.177	2.177	0
1/7/16	2.163	2.2	2.153	2.153	2.153	0
1/8/16	2.163	2.214	2.119	2.13	2.13	0
1/11/16	2.16	2.179	2.14	2.158	2.158	0
1/12/16	2.195	2.198	2.082	2.102	2.102	0
1/13/16	2.128	2.135	2.042	2.066	2.066	0
1/14/16	2.093	2.123	2.054	2.098	2.098	0
1/15/16	2.023	2.042	1.988	2.033	2.033	0
1/19/16	2.068	2.068	2.021	2.035	2.035	0
1/20/16	1.969	2	1.939	1.984	1.984	0
1/21/16	1.975	2.035	1.958	2.019	2.019	0
1/22/16	2.068	2.089	2.047	2.048	2.048	0
1/25/16	2.029	2.041	2.015	2.022	2.022	0
1/26/16	1.996	2.027	1.992	1.994	1.994	0
1/27/16	2.019	2.052	1.998	2.001	2.001	0
1/28/16	2.005	2.038	1.973	1.985	1.985	0
1/29/16	1.923	1.956	1.911	1.931	1.931	0
2/1/16	1.93	1.966	1.917	1.966	1.966	0
2/2/16	1.923	1.924	1.862	1.864	1.864	0
2/3/16	1.872	1.896	1.793	1.881	1.881	0
2/4/16	1.872	1.891	1.85	1.864	1.864	0
2/5/16	1.837	1.896	1.827	1.848	1.848	0
2/8/16	1.798	1.81	1.733	1.735	1.735	0
2/9/16	1.736	1.752	1.699	1.729	1.729	0
2/10/16	1.762	1.769	1.702	1.705	1.705	0
2/11/16	1.567	1.649	1.567	1.644	1.644	0
2/12/16	1.674	1.759	1.671	1.748	1.748	0
2/16/16	1.786	1.797	1.757	1.778	1.778	0
2/17/16	1.804	1.847	1.797	1.819	1.819	0
2/18/16	1.821	1.83	1.755	1.759	1.759	0
2/19/16	1.745	1.785	1.729	1.748	1.748	0
2/22/16	1.774	1.776	1.752	1.766	1.766	0
2/23/16	1.78	1.814	1.726	1.745	1.745	0
2/24/16	1.705	1.742	1.649	1.742	1.742	0
2/25/16	1.74	1.745	1.678	1.697	1.697	0
2/26/16	1.742	1.783	1.74	1.762	1.762	0
2/29/16	1.752	1.768	1.737	1.74	1.74	0
3/1/16	1.749	1.837	1.728	1.834	1.834	0
3/2/16	1.851	1.872	1.828	1.848	1.848	0
3/3/16	1.848	1.858	1.815	1.83	1.83	0
3/4/16	1.836	1.902	1.827	1.883	1.883	0
3/7/16	1.911	1.918	1.897	1.902	1.902	0
3/8/16	1.846	1.853	1.804	1.832	1.832	0
3/9/16	1.881	1.897	1.857	1.892	1.892	0
3/10/16	1.871	1.952	1.864	1.929	1.929	0
3/11/16	1.945	1.986	1.924	1.977	1.977	0
3/14/16	1.97	1.97	1.942	1.963	1.963	0
3/15/16	1.94	1.975	1.915	1.959	1.959	0
3/16/16	1.961	2.002	1.915	1.938	1.938	0
3/17/16	1.864	1.91	1.864	1.903	1.903	0
3/18/16	1.889	1.896	1.866	1.871	1.871	0
3/21/16	1.887	1.924	1.887	1.923	1.923	0
3/22/16	1.896	1.939	1.884	1.935	1.935	0
3/23/16	1.935	1.935	1.872	1.875	1.875	0
3/24/16	1.87	1.902	1.853	1.9	1.9	0
3/28/16	1.9	1.905	1.863	1.87	1.87	0
3/29/16	1.872	1.872	1.812	1.814	1.814	0
3/30/16	1.826	1.86	1.816	1.83	1.83	0
3/31/16	1.819	1.832	1.783	1.786	1.786	0
4/1/16	1.778	1.814	1.762	1.792	1.792	0
4/4/16	1.765	1.792	1.764	1.779	1.779	0
4/5/16	1.736	1.739	1.717	1.727	1.727	0
4/6/16	1.739	1.774	1.732	1.755	1.755	0
4/7/16	1.738	1.743	1.685	1.691	1.691	0
4/8/16	1.713	1.738	1.713	1.72	1.72	0
4/11/16	1.736	1.755	1.713	1.724	1.724	0
4/12/16	1.757	1.783	1.748	1.781	1.781	0
4/13/16	1.792	1.795	1.757	1.762	1.762	0
4/14/16	1.795	1.804	1.771	1.781	1.781	0
4/15/16	1.771	1.782	1.74	1.752	1.752	0
4/18/16	1.743	1.787	1.741	1.773	1.773	0
4/19/16	1.789	1.806	1.771	1.783	1.783	0
4/20/16	1.778	1.854	1.766	1.854	1.854	0
4/21/16	1.868	1.889	1.859	1.87	1.87	0
4/22/16	1.872	1.897	1.868	1.888	1.888	0
4/25/16	1.868	1.907	1.868	1.902	1.902	0
4/26/16	1.92	1.941	1.9	1.931	1.931	0
4/27/16	1.909	1.917	1.854	1.86	1.86	0
4/28/16	1.844	1.872	1.837	1.838	1.838	0
4/29/16	1.867	1.874	1.819	1.819	1.819	0
5/2/16	1.816	1.867	1.816	1.865	1.865	0
5/3/16	1.818	1.818	1.782	1.8	1.8	0
5/4/16	1.779	1.818	1.775	1.784	1.784	0
5/5/16	1.8	1.802	1.745	1.747	1.747	0
5/6/16	1.742	1.786	1.705	1.779	1.779	0
5/9/16	1.774	1.777	1.753	1.76	1.76	0
5/10/16	1.758	1.768	1.747	1.76	1.76	0
5/11/16	1.765	1.765	1.721	1.737	1.737	0
5/12/16	1.748	1.765	1.741	1.757	1.757	0
5/13/16	1.731	1.755	1.705	1.705	1.705	0
5/16/16	1.722	1.755	1.722	1.753	1.753	0
5/17/16	1.76	1.774	1.736	1.759	1.759	0
5/18/16	1.781	1.882	1.779	1.88	1.88	0
5/19/16	1.868	1.88	1.831	1.845	1.845	0
5/20/16	1.866	1.866	1.837	1.849	1.849	0
5/23/16	1.833	1.856	1.826	1.838	1.838	0
5/24/16	1.846	1.88	1.839	1.859	1.859	0
5/25/16	1.873	1.875	1.849	1.87	1.87	0
5/26/16	1.861	1.865	1.821	1.823	1.823	0
5/27/16	1.827	1.856	1.825	1.851	1.851	0
5/31/16	1.874	1.89	1.834	1.834	1.834	0
6/1/16	1.83	1.849	1.806	1.846	1.846	0
6/2/16	1.839	1.841	1.797	1.811	1.811	0
6/3/16	1.794	1.797	1.699	1.704	1.704	0
6/6/16	1.721	1.742	1.713	1.723	1.723	0
6/7/16	1.726	1.726	1.704	1.713	1.713	0
6/8/16	1.716	1.716	1.697	1.706	1.706	0
6/9/16	1.676	1.683	1.659	1.68	1.68	0
6/10/16	1.658	1.661	1.627	1.639	1.639	0
6/13/16	1.639	1.64	1.61	1.616	1.616	0
6/14/16	1.591	1.616	1.574	1.611	1.611	0
6/15/16	1.63	1.63	1.577	1.596	1.596	0
6/16/16	1.569	1.581	1.518	1.564	1.564	0
6/17/16	1.598	1.622	1.582	1.618	1.618	0
6/20/16	1.673	1.682	1.656	1.67	1.67	0
6/21/16	1.68	1.706	1.661	1.697	1.697	0
6/22/16	1.703	1.711	1.68	1.685	1.685	0
6/23/16	1.739	1.748	1.708	1.739	1.739	0
6/24/16	1.526	1.587	1.526	1.579	1.579	0
6/27/16	1.47	1.49	1.45	1.46	1.46	0
6/28/16	1.478	1.483	1.45	1.461	1.461	0
6/29/16	1.465	1.48	1.456	1.477	1.477	0
6/30/16	1.504	1.512	1.455	1.488	1.488	0
7/1/16	1.429	1.473	1.414	1.456	1.456	0
7/5/16	1.402	1.405	1.357	1.367	1.367	0
7/6/16	1.336	1.395	1.336	1.385	1.385	0
7/7/16	1.393	1.422	1.37	1.387	1.387	0
7/8/16	1.39	1.441	1.365	1.366	1.366	0
7/11/16	1.407	1.434	1.39	1.434	1.434	0
7/12/16	1.474	1.531	1.471	1.513	1.513	0
7/13/16	1.476	1.481	1.459	1.468	1.468	0
7/14/16	1.52	1.551	1.52	1.531	1.531	0
7/15/16	1.539	1.601	1.536	1.594	1.594	0
7/18/16	1.577	1.604	1.556	1.587	1.587	0
7/19/16	1.553	1.575	1.546	1.558	1.558	0
7/20/16	1.568	1.596	1.566	1.58	1.58	0
7/21/16	1.601	1.628	1.563	1.565	1.565	0
7/22/16	1.585	1.599	1.544	1.57	1.57	0
7/25/16	1.584	1.584	1.554	1.571	1.571	0
7/26/16	1.559	1.587	1.549	1.563	1.563	0
7/27/16	1.57	1.57	1.511	1.515	1.515	0
7/28/16	1.525	1.535	1.493	1.511	1.511	0
7/29/16	1.525	1.53	1.458	1.458	1.458	0
8/1/16	1.494	1.508	1.475	1.496	1.496	0
8/2/16	1.552	1.571	1.516	1.537	1.537	0
8/3/16	1.547	1.571	1.53	1.542	1.542	0
8/4/16	1.521	1.527	1.484	1.503	1.503	0
8/5/16	1.499	1.587	1.499	1.582	1.582	0
8/8/16	1.599	1.616	1.575	1.583	1.583	0
8/9/16	1.594	1.594	1.537	1.545	1.545	0
8/10/16	1.532	1.54	1.501	1.509	1.509	0
8/11/16	1.515	1.576	1.503	1.573	1.573	0
8/12/16	1.537	1.537	1.48	1.515	1.515	0
8/15/16	1.52	1.556	1.519	1.553	1.553	0
8/16/16	1.529	1.587	1.515	1.576	1.576	0
8/17/16	1.581	1.587	1.537	1.561	1.561	0
8/18/16	1.549	1.566	1.525	1.536	1.536	0
8/19/16	1.556	1.592	1.556	1.578	1.578	0
8/22/16	1.568	1.57	1.536	1.539	1.539	0
8/23/16	1.556	1.563	1.527	1.553	1.553	0
8/24/16	1.549	1.57	1.544	1.559	1.559	0
8/25/16	1.559	1.583	1.554	1.577	1.577	0
8/26/16	1.566	1.635	1.531	1.635	1.635	0
8/29/16	1.618	1.618	1.563	1.566	1.566	0
8/30/16	1.57	1.582	1.561	1.57	1.57	0
8/31/16	1.575	1.583	1.554	1.568	1.568	0
9/1/16	1.594	1.619	1.556	1.57	1.57	0
9/2/16	1.582	1.621	1.544	1.596	1.596	0
9/6/16	1.604	1.608	1.534	1.543	1.543	0
9/7/16	1.534	1.544	1.519	1.541	1.541	0
9/8/16	1.551	1.62	1.551	1.616	1.616	0
9/9/16	1.656	1.678	1.647	1.672	1.672	0
9/12/16	1.687	1.696	1.661	1.672	1.672	0
9/13/16	1.663	1.752	1.661	1.734	1.734	0
9/14/16	1.712	1.722	1.682	1.689	1.689	0
9/15/16	1.682	1.734	1.665	1.703	1.703	0
9/16/16	1.67	1.703	1.665	1.701	1.701	0
9/19/16	1.693	1.705	1.686	1.696	1.696	0
9/20/16	1.686	1.693	1.668	1.688	1.688	0
9/21/16	1.684	1.724	1.662	1.668	1.668	0
9/22/16	1.648	1.648	1.608	1.632	1.632	0
9/23/16	1.618	1.632	1.608	1.615	1.615	0
9/26/16	1.599	1.606	1.574	1.589	1.589	0
9/27/16	1.562	1.575	1.546	1.556	1.556	0
9/28/16	1.572	1.572	1.543	1.567	1.567	0
9/29/16	1.584	1.601	1.543	1.557	1.557	0
9/30/16	1.548	1.615	1.545	1.608	1.608	0
10/3/16	1.6	1.626	1.596	1.622	1.622	0
10/4/16	1.624	1.686	1.615	1.683	1.683	0
10/5/16	1.686	1.73	1.68	1.716	1.716	0
10/6/16	1.714	1.746	1.709	1.742	1.742	0
10/7/16	1.741	1.771	1.718	1.736	1.736	0
10/10/16	1.723	1.723	1.723	1.723	1.723	0
10/11/16	1.771	1.781	1.745	1.759	1.759	0
10/12/16	1.799	1.801	1.771	1.778	1.778	0
10/13/16	1.755	1.76	1.729	1.738	1.738	0
10/14/16	1.778	1.794	1.752	1.794	1.794	0
10/17/16	1.789	1.789	1.757	1.766	1.766	0
10/18/16	1.77	1.787	1.745	1.749	1.749	0
10/19/16	1.756	1.77	1.729	1.752	1.752	0
10/20/16	1.749	1.768	1.724	1.747	1.747	0
10/21/16	1.751	1.758	1.731	1.74	1.74	0
10/24/16	1.737	1.775	1.726	1.763	1.763	0
10/25/16	1.774	1.779	1.742	1.758	1.758	0
10/26/16	1.781	1.797	1.774	1.79	1.79	0
10/27/16	1.82	1.87	1.815	1.843	1.843	0
10/28/16	1.865	1.879	1.833	1.845	1.845	0
10/31/16	1.84	1.843	1.826	1.834	1.834	0
11/1/16	1.847	1.879	1.811	1.82	1.82	0
11/2/16	1.799	1.822	1.774	1.799	1.799	0
11/3/16	1.819	1.829	1.806	1.812	1.812	0
11/4/16	1.798	1.821	1.771	1.783	1.783	0
11/7/16	1.817	1.833	1.814	1.828	1.828	0
11/8/16	1.823	1.874	1.819	1.862	1.862	0
11/9/16	1.957	2.09	1.928	2.072	2.072	0
11/10/16	2.117	2.126	2.066	2.117	2.117	0
11/11/16	null	null	null	null	null	null
11/14/16	2.238	2.27	2.189	2.222	2.222	0
11/15/16	2.215	2.242	2.201	2.238	2.238	0
11/16/16	2.279	2.279	2.205	2.223	2.223	0
11/17/16	2.223	2.283	2.223	2.276	2.276	0
11/18/16	2.28	2.355	2.267	2.335	2.335	0
11/21/16	2.315	2.341	2.31	2.339	2.339	0
11/22/16	2.298	2.326	2.287	2.321	2.321	0
11/23/16	2.321	2.417	2.321	2.357	2.357	0
11/25/16	2.379	2.392	2.35	2.372	2.372	0
11/28/16	2.325	2.345	2.314	2.32	2.32	0
11/29/16	2.327	2.35	2.3	2.302	2.302	0
11/30/16	2.359	2.41	2.354	2.368	2.368	0
12/1/16	2.414	2.492	2.403	2.441	2.441	0
12/2/16	2.427	2.439	2.374	2.39	2.39	0
12/5/16	2.423	2.449	2.362	2.387	2.387	0
12/6/16	2.385	2.403	2.378	2.396	2.396	0
12/7/16	2.371	2.376	2.346	2.347	2.347	0
12/8/16	2.393	2.425	2.371	2.387	2.387	0
12/9/16	2.413	2.478	2.398	2.464	2.464	0
12/12/16	2.512	2.512	2.466	2.479	2.479	0
12/13/16	2.449	2.495	2.439	2.481	2.481	0
12/14/16	2.444	2.53	2.424	2.525	2.525	0
12/15/16	2.619	2.621	2.565	2.58	2.58	0
12/16/16	2.568	2.619	2.555	2.597	2.597	0
12/19/16	2.564	2.57	2.529	2.542	2.542	0
12/20/16	2.566	2.59	2.557	2.568	2.568	0
12/21/16	2.566	2.568	2.537	2.546	2.546	0
12/22/16	2.552	2.576	2.544	2.553	2.553	0
12/23/16	2.541	2.545	2.526	2.543	2.543	0
12/27/16	2.552	2.576	2.55	2.563	2.563	0
12/28/16	2.56	2.563	2.503	2.506	2.506	0
12/29/16	2.486	2.497	2.46	2.477	2.477	0
12/30/16	2.474	2.483	2.432	2.446	2.446	0
1/3/17	2.511	2.518	2.448	2.45	2.45	0
1/4/17	2.456	2.474	2.434	2.452	2.452	0
1/5/17	2.439	2.443	2.346	2.368	2.368	0
1/6/17	2.339	2.425	2.339	2.418	2.418	0
1/9/17	2.387	2.392	2.368	2.376	2.376	0
1/10/17	2.39	2.392	2.363	2.379	2.379	0
1/11/17	2.372	2.398	2.329	2.37	2.37	0
1/12/17	2.336	2.363	2.309	2.361	2.361	0
1/13/17	2.336	2.431	2.336	2.38	2.38	0
1/17/17	2.33	2.35	2.31	2.33	2.33	0
1/18/17	2.362	2.397	2.358	2.389	2.389	0
1/19/17	2.435	2.496	2.433	2.459	2.459	0
1/20/17	2.498	2.513	2.46	2.467	2.467	0
1/23/17	2.458	2.471	2.381	2.403	2.403	0
1/24/17	2.436	2.473	2.419	2.471	2.471	0
1/25/17	2.482	2.536	2.482	2.523	2.523	0
1/26/17	2.538	2.555	2.504	2.508	2.508	0
1/27/17	2.521	2.525	2.481	2.481	2.481	0
1/30/17	2.49	2.497	2.466	2.483	2.483	0
1/31/17	2.485	2.496	2.433	2.451	2.451	0
2/1/17	2.487	2.516	2.463	2.474	2.474	0
2/2/17	2.455	2.474	2.433	2.47	2.47	0
2/3/17	2.483	2.502	2.428	2.491	2.491	0
2/6/17	2.422	2.458	2.406	2.413	2.413	0
2/7/17	2.423	2.441	2.367	2.389	2.389	0
2/8/17	2.366	2.371	2.325	2.351	2.351	0
2/9/17	2.352	2.398	2.349	2.395	2.395	0
2/10/17	2.411	2.434	2.397	2.409	2.409	0
2/13/17	2.436	2.452	2.427	2.434	2.434	0
2/14/17	2.441	2.502	2.431	2.47	2.47	0
2/15/17	2.484	2.524	2.483	2.502	2.502	0
2/16/17	2.475	2.492	2.438	2.45	2.45	0
2/17/17	2.406	2.429	2.4	2.425	2.425	0
2/21/17	2.456	2.461	2.413	2.427	2.427	0
2/22/17	2.408	2.454	2.392	2.418	2.418	0
2/23/17	2.399	2.399	2.381	2.388	2.388	0
2/24/17	2.353	2.353	2.314	2.317	2.317	0
2/27/17	2.331	2.37	2.329	2.369	2.369	0
2/28/17	2.356	2.369	2.337	2.358	2.358	0
3/1/17	2.435	2.471	2.435	2.463	2.463	0
3/2/17	2.482	2.505	2.465	2.489	2.489	0
3/3/17	2.494	2.52	2.482	2.492	2.492	0
3/6/17	2.471	2.507	2.464	2.494	2.494	0
3/7/17	2.511	2.518	2.503	2.511	2.511	0
3/8/17	2.567	2.583	2.545	2.552	2.552	0
3/9/17	2.563	2.607	2.558	2.598	2.598	0
3/10/17	2.613	2.615	2.575	2.582	2.582	0
3/13/17	2.578	2.615	2.576	2.608	2.608	0
3/14/17	2.608	2.613	2.588	2.595	2.595	0
3/15/17	2.577	2.591	2.506	2.508	2.508	0
3/16/17	2.522	2.538	2.515	2.522	2.522	0
3/17/17	2.522	2.531	2.49	2.501	2.501	0
3/20/17	2.504	2.51	2.472	2.473	2.473	0
3/21/17	2.493	2.499	2.421	2.436	2.436	0
3/22/17	2.419	2.421	2.375	2.396	2.396	0
3/23/17	2.412	2.437	2.387	2.418	2.418	0
3/24/17	2.416	2.425	2.393	2.4	2.4	0
3/27/17	2.359	2.382	2.348	2.373	2.373	0
3/28/17	2.366	2.42	2.357	2.409	2.409	0
3/29/17	2.403	2.405	2.378	2.386	2.386	0
3/30/17	2.382	2.42	2.378	2.416	2.416	0
3/31/17	2.414	2.427	2.395	2.396	2.396	0
4/3/17	2.38	2.391	2.332	2.35	2.35	0
4/4/17	2.325	2.359	2.321	2.35	2.35	0
4/5/17	2.377	2.384	2.353	2.357	2.357	0
4/6/17	2.348	2.368	2.328	2.343	2.343	0
4/7/17	2.314	2.373	2.271	2.373	2.373	0
4/10/17	2.39	2.391	2.346	2.361	2.361	0
4/11/17	2.343	2.343	2.293	2.298	2.298	0
4/12/17	2.293	2.305	2.278	2.296	2.296	0
4/13/17	2.239	2.271	2.22	2.232	2.232	0
4/17/17	2.22	2.252	2.218	2.252	2.252	0
4/18/17	2.223	2.227	2.177	2.179	2.179	0
4/19/17	2.209	2.225	2.2	2.202	2.202	0
4/20/17	2.236	2.257	2.225	2.241	2.241	0
4/21/17	2.239	2.239	2.209	2.237	2.237	0
4/24/17	2.313	2.313	2.266	2.273	2.273	0
4/25/17	2.305	2.334	2.296	2.327	2.327	0
4/26/17	2.34	2.35	2.309	2.311	2.311	0
4/27/17	2.311	2.322	2.282	2.296	2.296	0
4/28/17	2.313	2.336	2.282	2.282	2.282	0
5/1/17	2.291	2.338	2.28	2.325	2.325	0
5/2/17	2.338	2.34	2.293	2.296	2.296	0
5/3/17	2.279	2.318	2.279	2.309	2.309	0
5/4/17	2.341	2.369	2.338	2.356	2.356	0
5/5/17	2.361	2.38	2.338	2.352	2.352	0
5/8/17	2.333	2.39	2.331	2.376	2.376	0
5/9/17	2.389	2.416	2.389	2.407	2.407	0
5/10/17	2.381	2.416	2.371	2.414	2.414	0
5/11/17	2.394	2.423	2.391	2.4	2.4	0
5/12/17	2.379	2.38	2.322	2.335	2.335	0
5/15/17	2.342	2.35	2.333	2.338	2.338	0
5/16/17	2.354	2.359	2.308	2.329	2.329	0
5/17/17	2.287	2.287	2.212	2.216	2.216	0
5/18/17	2.196	2.238	2.191	2.233	2.233	0
5/19/17	2.247	2.261	2.233	2.245	2.245	0
5/22/17	2.249	2.256	2.238	2.254	2.254	0
5/23/17	2.245	2.289	2.235	2.285	2.285	0
5/24/17	2.276	2.297	2.254	2.266	2.266	0
5/25/17	2.248	2.269	2.248	2.255	2.255	0
5/26/17	2.234	2.252	2.231	2.25	2.25	0
5/30/17	2.238	2.248	2.213	2.217	2.217	0
5/31/17	2.22	2.222	2.196	2.196	2.196	0
6/1/17	2.229	2.239	2.215	2.217	2.217	0
6/2/17	2.206	2.208	2.144	2.159	2.159	0
6/5/17	2.175	2.189	2.17	2.182	2.182	0
6/6/17	2.142	2.154	2.133	2.147	2.147	0
6/7/17	2.154	2.183	2.145	2.178	2.178	0
6/8/17	2.202	2.215	2.18	2.194	2.194	0
6/9/17	2.209	2.229	2.197	2.199	2.199	0
6/12/17	2.211	2.223	2.187	2.213	2.213	0
6/13/17	2.213	2.227	2.2	2.207	2.207	0
6/14/17	2.2	2.202	2.103	2.138	2.138	0
6/15/17	2.152	2.172	2.152	2.162	2.162	0
6/16/17	2.174	2.179	2.144	2.157	2.157	0
6/19/17	2.146	2.191	2.146	2.19	2.19	0
6/20/17	2.174	2.183	2.151	2.153	2.153	0
6/21/17	2.167	2.177	2.151	2.155	2.155	0
6/22/17	2.158	2.165	2.139	2.153	2.153	0
6/23/17	2.155	2.167	2.144	2.144	2.144	0
6/26/17	2.144	2.147	2.121	2.137	2.137	0
6/27/17	2.17	2.216	2.168	2.198	2.198	0
6/28/17	2.209	2.24	2.205	2.221	2.221	0
6/29/17	2.279	2.297	2.258	2.267	2.267	0
6/30/17	2.265	2.305	2.265	2.302	2.302	0
7/3/17	2.309	2.353	2.29	2.346	2.346	0
7/5/17	2.336	2.357	2.323	2.334	2.334	0
7/6/17	2.373	2.391	2.362	2.37	2.37	0
7/7/17	2.387	2.396	2.362	2.393	2.393	0
7/10/17	2.373	2.386	2.364	2.371	2.371	0
7/11/17	2.387	2.391	2.355	2.362	2.362	0
7/12/17	2.352	2.352	2.302	2.327	2.327	0
7/13/17	2.332	2.366	2.328	2.348	2.348	0
7/14/17	2.336	2.336	2.279	2.319	2.319	0
7/17/17	2.305	2.33	2.305	2.309	2.309	0
7/18/17	2.293	2.3	2.259	2.263	2.263	0
7/19/17	2.271	2.275	2.255	2.268	2.268	0
7/20/17	2.255	2.271	2.238	2.266	2.266	0
7/21/17	2.246	2.252	2.225	2.232	2.232	0
7/24/17	2.245	2.261	2.241	2.254	2.254	0
7/25/17	2.28	2.328	2.278	2.326	2.326	0
7/26/17	2.328	2.337	2.282	2.282	2.282	0
7/27/17	2.307	2.326	2.3	2.31	2.31	0
7/28/17	2.328	2.328	2.287	2.289	2.289	0
7/31/17	2.294	2.305	2.291	2.292	2.292	0
8/1/17	2.305	2.321	2.251	2.251	2.251	0
8/2/17	2.271	2.284	2.243	2.262	2.262	0
8/3/17	2.243	2.251	2.228	2.228	2.228	0
8/4/17	2.232	2.291	2.23	2.267	2.267	0
8/7/17	2.276	2.276	2.253	2.257	2.257	0
8/8/17	2.26	2.291	2.253	2.283	2.283	0
8/9/17	2.225	2.249	2.212	2.241	2.241	0
8/10/17	2.241	2.241	2.21	2.212	2.212	0
8/11/17	2.199	2.222	2.182	2.189	2.189	0
8/14/17	2.219	2.227	2.203	2.219	2.219	0
8/15/17	2.261	2.283	2.25	2.266	2.266	0
8/16/17	2.28	2.282	2.22	2.226	2.226	0
8/17/17	2.24	2.247	2.198	2.199	2.199	0
8/18/17	2.184	2.211	2.163	2.194	2.194	0
8/21/17	2.178	2.197	2.177	2.18	2.18	0
8/22/17	2.206	2.217	2.197	2.215	2.215	0
8/23/17	2.196	2.196	2.171	2.171	2.171	0
8/24/17	2.185	2.194	2.175	2.194	2.194	0
8/25/17	2.196	2.203	2.162	2.169	2.169	0
8/28/17	2.176	2.18	2.155	2.159	2.159	0
8/29/17	2.112	2.141	2.091	2.136	2.136	0
8/30/17	2.143	2.155	2.133	2.143	2.143	0
8/31/17	2.143	2.148	2.121	2.121	2.121	0
9/1/17	2.127	2.167	2.1	2.157	2.157	0
9/5/17	2.138	2.138	2.067	2.07	2.07	0
9/6/17	2.075	2.11	2.06	2.108	2.108	0
9/7/17	2.084	2.094	2.034	2.061	2.061	0
9/8/17	2.037	2.075	2.037	2.061	2.061	0
9/11/17	2.103	2.134	2.098	2.125	2.125	0
9/12/17	2.146	2.18	2.143	2.171	2.171	0
9/13/17	2.167	2.197	2.16	2.195	2.195	0
9/14/17	2.208	2.225	2.185	2.197	2.197	0
9/15/17	2.197	2.213	2.183	2.202	2.202	0
9/18/17	2.215	2.238	2.211	2.229	2.229	0
9/19/17	2.22	2.245	2.216	2.243	2.243	0
9/20/17	2.232	2.289	2.23	2.277	2.277	0
9/21/17	2.261	2.278	2.245	2.278	2.278	0
9/22/17	2.253	2.266	2.239	2.262	2.262	0
9/25/17	2.243	2.257	2.215	2.22	2.22	0
9/26/17	2.225	2.246	2.22	2.229	2.229	0
9/27/17	2.287	2.316	2.287	2.309	2.309	0
9/28/17	2.332	2.344	2.307	2.309	2.309	0
9/29/17	2.312	2.339	2.296	2.326	2.326	0
10/2/17	2.341	2.344	2.318	2.337	2.337	0
10/3/17	2.348	2.361	2.327	2.334	2.334	0
10/4/17	2.309	2.348	2.309	2.33	2.33	0
10/5/17	2.325	2.359	2.319	2.35	2.35	0
10/6/17	2.366	2.402	2.354	2.37	2.37	0
10/9/17	2.361	2.361	2.361	2.361	2.361	0
10/10/17	2.355	2.364	2.319	2.345	2.345	0
10/11/17	2.346	2.352	2.332	2.345	2.345	0
10/12/17	2.334	2.346	2.318	2.323	2.323	0
10/13/17	2.329	2.332	2.273	2.28	2.28	0
10/16/17	2.289	2.312	2.287	2.307	2.307	0
10/17/17	2.305	2.329	2.298	2.298	2.298	0
10/18/17	2.332	2.35	2.329	2.339	2.339	0
10/19/17	2.314	2.329	2.298	2.321	2.321	0
10/20/17	2.365	2.392	2.363	2.381	2.381	0
10/23/17	2.385	2.388	2.363	2.376	2.376	0
10/24/17	2.408	2.414	2.397	2.406	2.406	0
10/25/17	2.45	2.475	2.43	2.444	2.444	0
10/26/17	2.425	2.457	2.423	2.452	2.452	0
10/27/17	2.459	2.47	2.419	2.428	2.428	0
10/30/17	2.405	2.408	2.37	2.37	2.37	0
10/31/17	2.37	2.379	2.369	2.376	2.376	0
11/1/17	2.398	2.401	2.349	2.376	2.376	0
11/2/17	2.363	2.37	2.336	2.347	2.347	0
11/3/17	2.351	2.361	2.324	2.343	2.343	0
11/6/17	2.325	2.333	2.315	2.32	2.32	0
11/7/17	2.327	2.329	2.304	2.307	2.307	0
11/8/17	2.315	2.327	2.306	2.325	2.325	0
11/9/17	2.333	2.345	2.315	2.331	2.331	0
11/10/17	2.368	2.406	2.366	2.4	2.4	0
11/13/17	2.382	2.404	2.379	2.4	2.4	0
11/14/17	2.388	2.407	2.374	2.381	2.381	0
11/15/17	2.335	2.359	2.319	2.335	2.335	0
11/16/17	2.358	2.361	2.343	2.361	2.361	0
11/17/17	2.367	2.374	2.336	2.354	2.354	0
11/20/17	2.336	2.372	2.336	2.372	2.372	0
11/21/17	2.358	2.374	2.335	2.363	2.363	0
11/22/17	2.368	2.372	2.319	2.322	2.322	0
11/24/17	2.337	2.344	2.329	2.34	2.34	0
11/27/17	2.333	2.351	2.324	2.328	2.328	0
11/28/17	2.328	2.342	2.31	2.338	2.338	0
11/29/17	2.363	2.395	2.363	2.376	2.376	0
11/30/17	2.39	2.437	2.381	2.417	2.417	0
12/1/17	2.383	2.424	2.315	2.362	2.362	0
12/4/17	2.396	2.403	2.378	2.379	2.379	0
12/5/17	2.39	2.396	2.355	2.356	2.356	0
12/6/17	2.333	2.335	2.314	2.33	2.33	0
12/7/17	2.339	2.376	2.323	2.376	2.376	0
12/8/17	2.381	2.392	2.362	2.383	2.383	0
12/11/17	2.362	2.387	2.358	2.385	2.385	0
12/12/17	2.392	2.421	2.392	2.403	2.403	0
12/13/17	2.426	2.426	2.349	2.349	2.349	0
12/14/17	2.367	2.389	2.344	2.346	2.346	0
12/15/17	2.358	2.38	2.353	2.355	2.355	0
12/18/17	2.373	2.398	2.367	2.392	2.392	0
12/19/17	2.409	2.472	2.407	2.463	2.463	0
12/20/17	2.483	2.497	2.472	2.497	2.497	0
12/21/17	2.486	2.499	2.479	2.481	2.481	0
12/22/17	2.485	2.492	2.481	2.485	2.485	0
12/26/17	2.488	2.49	2.459	2.467	2.467	0
12/27/17	2.467	2.467	2.411	2.414	2.414	0
12/28/17	2.432	2.441	2.42	2.432	2.432	0
12/29/17	2.434	2.442	2.405	2.405	2.405	0
1/2/18	2.433	2.48	2.425	2.465	2.465	0
1/3/18	2.451	2.465	2.44	2.447	2.447	0
1/4/18	2.473	2.487	2.449	2.453	2.453	0
1/5/18	2.465	2.48	2.436	2.476	2.476	0
1/8/18	2.471	2.489	2.462	2.48	2.48	0
1/9/18	2.491	2.546	2.489	2.546	2.546	0
1/10/18	2.584	2.595	2.55	2.55	2.55	0
1/11/18	2.564	2.57	2.526	2.531	2.531	0
1/12/18	2.548	2.594	2.546	2.552	2.552	0
1/16/18	2.539	2.563	2.526	2.544	2.544	0
1/17/18	2.561	2.581	2.541	2.578	2.578	0
1/18/18	2.613	2.62	2.598	2.611	2.611	0
1/19/18	2.626	2.646	2.613	2.637	2.637	0
1/22/18	2.658	2.665	2.632	2.665	2.665	0
1/23/18	2.628	2.639	2.611	2.624	2.624	0
1/24/18	2.652	2.663	2.634	2.654	2.654	0
1/25/18	2.637	2.676	2.619	2.621	2.621	0
1/26/18	2.636	2.673	2.63	2.662	2.662	0
1/29/18	2.72	2.725	2.694	2.699	2.699	0
1/30/18	2.711	2.733	2.701	2.726	2.726	0
1/31/18	2.713	2.754	2.698	2.72	2.72	0
2/1/18	2.743	2.776	2.722	2.773	2.773	0
2/2/18	2.786	2.854	2.786	2.854	2.854	0
2/5/18	2.834	2.862	2.794	2.794	2.794	0
2/6/18	2.738	2.787	2.736	2.768	2.768	0
2/7/18	2.787	2.851	2.772	2.844	2.844	0
2/8/18	2.857	2.884	2.808	2.851	2.851	0
2/9/18	2.831	2.862	2.788	2.829	2.829	0
2/12/18	2.882	2.882	2.828	2.857	2.857	0
2/13/18	2.844	2.853	2.835	2.84	2.84	0
2/14/18	2.819	2.913	2.817	2.913	2.913	0
2/15/18	2.917	2.926	2.882	2.891	2.891	0
2/16/18	2.877	2.888	2.85	2.877	2.877	0
2/20/18	2.902	2.915	2.89	2.893	2.893	0
2/21/18	2.884	2.943	2.877	2.943	2.943	0
2/22/18	2.921	2.928	2.904	2.917	2.917	0
2/23/18	2.884	2.893	2.862	2.871	2.871	0
2/26/18	2.841	2.862	2.831	2.859	2.859	0
2/27/18	2.87	2.925	2.85	2.908	2.908	0
2/28/18	2.881	2.897	2.868	2.868	2.868	0
3/1/18	2.831	2.868	2.795	2.804	2.804	0
3/2/18	2.817	2.87	2.817	2.857	2.857	0
3/5/18	2.842	2.895	2.83	2.881	2.881	0
3/6/18	2.894	2.897	2.857	2.877	2.877	0
3/7/18	2.864	2.883	2.85	2.883	2.883	0
3/8/18	2.885	2.888	2.848	2.866	2.866	0
3/9/18	2.875	2.914	2.87	2.894	2.894	0
3/12/18	2.899	2.901	2.87	2.87	2.87	0
3/13/18	2.866	2.872	2.83	2.848	2.848	0
3/14/18	2.85	2.857	2.801	2.817	2.817	0
3/15/18	2.813	2.835	2.808	2.826	2.826	0
3/16/18	2.823	2.859	2.823	2.848	2.848	0
3/19/18	2.874	2.879	2.834	2.845	2.845	0
3/20/18	2.87	2.889	2.87	2.879	2.879	0
3/21/18	2.903	2.936	2.87	2.907	2.907	0
3/22/18	2.85	2.85	2.799	2.832	2.832	0
3/23/18	2.845	2.852	2.825	2.83	2.83	0
3/26/18	2.854	2.854	2.819	2.843	2.843	0
3/27/18	2.841	2.841	2.786	2.786	2.786	0
3/28/18	2.772	2.79	2.744	2.775	2.775	0
3/29/18	2.768	2.775	2.739	2.741	2.741	0
4/2/18	2.763	2.774	2.717	2.732	2.732	0
4/3/18	2.759	2.784	2.753	2.784	2.784	0
4/4/18	2.757	2.795	2.748	2.788	2.788	0
4/5/18	2.817	2.834	2.814	2.832	2.832	0
4/6/18	2.819	2.819	2.774	2.775	2.775	0
4/9/18	2.79	2.812	2.786	2.786	2.786	0
4/10/18	2.799	2.812	2.784	2.797	2.797	0
4/11/18	2.777	2.797	2.755	2.79	2.79	0
4/12/18	2.792	2.838	2.792	2.834	2.834	0
4/13/18	2.838	2.849	2.818	2.829	2.829	0
4/16/18	2.864	2.865	2.83	2.832	2.832	0
4/17/18	2.838	2.841	2.814	2.814	2.814	0
4/18/18	2.84	2.867	2.832	2.867	2.867	0
4/19/18	2.893	2.934	2.893	2.914	2.914	0
4/20/18	2.917	2.953	2.916	2.951	2.951	0
4/23/18	2.975	2.99	2.964	2.973	2.973	0
4/24/18	2.975	3.003	2.975	2.983	2.983	0
4/25/18	3.032	3.035	3.007	3.024	3.024	0
4/26/18	2.99	3.003	2.981	2.99	2.99	0
4/27/18	2.968	2.983	2.955	2.957	2.957	0
4/30/18	2.955	2.959	2.935	2.936	2.936	0
5/1/18	2.966	2.979	2.963	2.976	2.976	0
5/2/18	2.987	2.989	2.957	2.964	2.964	0
5/3/18	2.942	2.953	2.927	2.946	2.946	0
5/4/18	2.933	2.965	2.911	2.944	2.944	0
5/7/18	2.953	2.959	2.946	2.95	2.95	0
5/8/18	2.955	2.987	2.955	2.969	2.969	0
5/9/18	3.002	3.01	2.993	3.004	3.004	0
5/10/18	2.981	2.982	2.951	2.971	2.971	0
5/11/18	2.962	2.982	2.955	2.971	2.971	0
5/14/18	2.997	2.997	2.986	2.995	2.995	0
5/15/18	3.026	3.095	3.023	3.08	3.08	0
5/16/18	3.061	3.095	3.058	3.095	3.095	0
5/17/18	3.106	3.115	3.093	3.109	3.109	0
5/18/18	3.104	3.106	3.065	3.067	3.067	0
5/21/18	3.076	3.078	3.058	3.065	3.065	0
5/22/18	3.074	3.078	3.058	3.065	3.065	0
5/23/18	3.008	3.028	3.003	3.003	3.003	0
5/24/18	2.994	2.995	2.955	2.981	2.981	0
5/25/18	2.951	2.951	2.922	2.931	2.931	0
5/29/18	2.879	2.891	2.759	2.768	2.768	0
5/30/18	2.866	2.866	2.821	2.842	2.842	0
5/31/18	2.866	2.87	2.822	2.822	2.822	0
6/1/18	2.9	2.924	2.88	2.895	2.895	0
6/4/18	2.911	2.941	2.902	2.937	2.937	0
6/5/18	2.911	2.931	2.9	2.919	2.919	0
6/6/18	2.955	2.981	2.948	2.975	2.975	0
6/7/18	2.99	2.992	2.884	2.933	2.933	0
6/8/18	2.924	2.942	2.921	2.937	2.937	0
6/11/18	2.963	2.97	2.952	2.957	2.957	0
6/12/18	2.97	2.981	2.957	2.957	2.957	0
6/13/18	2.957	3.009	2.95	2.977	2.977	0
6/14/18	2.939	2.965	2.928	2.946	2.946	0
6/15/18	2.926	2.93	2.889	2.924	2.924	0
6/18/18	2.902	2.933	2.902	2.926	2.926	0
6/19/18	2.884	2.895	2.868	2.893	2.893	0
6/20/18	2.9	2.93	2.884	2.928	2.928	0
6/21/18	2.926	2.926	2.891	2.897	2.897	0
6/22/18	2.913	2.928	2.897	2.9	2.9	0
6/25/18	2.882	2.897	2.866	2.875	2.875	0
6/26/18	2.869	2.891	2.866	2.88	2.88	0
6/27/18	2.866	2.866	2.826	2.827	2.827	0
6/28/18	2.826	2.853	2.824	2.847	2.847	0
6/29/18	2.851	2.853	2.833	2.849	2.849	0
7/2/18	2.829	2.871	2.829	2.866	2.866	0
7/3/18	2.882	2.882	2.836	2.838	2.838	0
7/5/18	2.858	2.862	2.82	2.84	2.84	0
7/6/18	2.829	2.836	2.811	2.831	2.831	0
7/9/18	2.862	2.862	2.849	2.86	2.86	0
7/10/18	2.867	2.875	2.858	2.873	2.873	0
7/11/18	2.844	2.866	2.838	2.842	2.842	0
7/12/18	2.864	2.871	2.845	2.853	2.853	0
7/13/18	2.844	2.845	2.827	2.831	2.831	0
7/16/18	2.858	2.877	2.855	2.858	2.858	0
7/17/18	2.851	2.867	2.847	2.864	2.864	0
7/18/18	2.851	2.875	2.847	2.875	2.875	0
7/19/18	2.882	2.889	2.834	2.847	2.847	0
7/20/18	2.855	2.897	2.847	2.895	2.895	0
7/23/18	2.888	2.965	2.888	2.965	2.965	0
7/24/18	2.958	2.973	2.947	2.949	2.949	0
7/25/18	2.939	2.949	2.928	2.936	2.936	0
7/26/18	2.967	2.976	2.947	2.975	2.975	0
7/27/18	2.978	2.988	2.951	2.96	2.96	0
7/30/18	2.986	2.99	2.964	2.975	2.975	0
7/31/18	2.954	2.969	2.945	2.964	2.964	0
8/1/18	2.992	3.016	2.986	3.003	3.003	0
8/2/18	2.984	3.003	2.98	2.986	2.986	0
8/3/18	2.979	2.984	2.951	2.953	2.953	0
8/6/18	2.96	2.96	2.925	2.938	2.938	0
8/7/18	2.954	2.977	2.954	2.973	2.973	0
8/8/18	2.977	2.986	2.958	2.971	2.971	0
8/9/18	2.953	2.953	2.929	2.935	2.935	0
8/10/18	2.89	2.893	2.853	2.857	2.857	0
8/13/18	2.864	2.89	2.862	2.877	2.877	0
8/14/18	2.893	2.895	2.877	2.895	2.895	0
8/15/18	2.87	2.875	2.837	2.852	2.852	0
8/16/18	2.873	2.893	2.859	2.871	2.871	0
8/17/18	2.859	2.877	2.846	2.873	2.873	0
8/20/18	2.853	2.853	2.821	2.823	2.823	0
8/21/18	2.844	2.853	2.833	2.844	2.844	0
8/22/18	2.819	2.835	2.808	2.823	2.823	0
8/23/18	2.821	2.826	2.814	2.821	2.821	0
8/24/18	2.832	2.85	2.817	2.826	2.826	0
8/27/18	2.83	2.851	2.828	2.848	2.848	0
8/28/18	2.853	2.886	2.853	2.884	2.884	0
8/29/18	2.873	2.899	2.871	2.884	2.884	0
8/30/18	2.877	2.879	2.859	2.86	2.86	0
8/31/18	2.842	2.857	2.831	2.853	2.853	0
9/4/18	2.869	2.906	2.868	2.902	2.902	0
9/5/18	2.888	2.917	2.884	2.902	2.902	0
9/6/18	2.908	2.91	2.871	2.879	2.879	0
9/7/18	2.889	2.95	2.886	2.942	2.942	0
9/10/18	2.942	2.948	2.93	2.937	2.937	0
9/11/18	2.953	2.981	2.948	2.977	2.977	0
9/12/18	2.966	2.968	2.955	2.963	2.963	0
9/13/18	2.981	2.983	2.944	2.963	2.963	0
9/14/18	2.989	3.003	2.981	2.994	2.994	0
9/17/18	3.02	3.02	2.989	3.001	3.001	0
9/18/18	3.007	3.048	3.005	3.048	3.048	0
9/19/18	3.044	3.092	3.044	3.083	3.083	0
9/20/18	3.092	3.096	3.059	3.078	3.078	0
9/21/18	3.068	3.083	3.061	3.068	3.068	0
9/24/18	3.076	3.091	3.065	3.078	3.078	0
9/25/18	3.098	3.11	3.093	3.102	3.102	0
9/26/18	3.085	3.091	3.061	3.061	3.061	0
9/27/18	3.056	3.074	3.054	3.056	3.056	0
9/28/18	3.031	3.058	3.03	3.056	3.056	0
10/1/18	3.086	3.086	3.063	3.08	3.08	0
10/2/18	3.069	3.074	3.046	3.056	3.056	0
10/3/18	3.086	3.179	3.08	3.161	3.161	0
10/4/18	3.2	3.21	3.176	3.197	3.197	0
10/5/18	3.204	3.248	3.189	3.225	3.225	0
10/8/18	3.233	3.233	3.233	3.233	3.233	0
10/9/18	3.239	3.239	3.203	3.208	3.208	0
10/10/18	3.227	3.242	3.212	3.225	3.225	0
10/11/18	3.189	3.191	3.127	3.133	3.133	0
10/12/18	3.167	3.173	3.131	3.141	3.141	0
10/15/18	3.161	3.165	3.143	3.163	3.163	0
10/16/18	3.173	3.177	3.154	3.156	3.156	0
10/17/18	3.158	3.179	3.146	3.179	3.179	0
10/18/18	3.207	3.215	3.16	3.175	3.175	0
10/19/18	3.194	3.209	3.181	3.198	3.198	0
10/22/18	3.19	3.198	3.179	3.196	3.196	0
10/23/18	3.149	3.166	3.111	3.166	3.166	0
10/24/18	3.145	3.147	3.117	3.124	3.124	0
10/25/18	3.143	3.145	3.117	3.136	3.136	0
10/26/18	3.089	3.102	3.059	3.077	3.077	0
10/29/18	3.094	3.117	3.085	3.087	3.087	0
10/30/18	3.117	3.123	3.094	3.11	3.11	0
10/31/18	3.149	3.161	3.134	3.159	3.159	0
11/1/18	3.164	3.174	3.136	3.144	3.144	0
11/2/18	3.155	3.216	3.155	3.214	3.214	0
11/5/18	3.203	3.205	3.186	3.201	3.201	0
11/6/18	3.193	3.224	3.191	3.214	3.214	0
11/7/18	3.2	3.215	3.184	3.213	3.213	0
11/8/18	3.219	3.239	3.206	3.234	3.234	0
11/9/18	3.213	3.23	3.18	3.189	3.189	0